"Kod";"Nazwa";"ogółem;ogółem;2000;[osoba]";"ogółem;mężczyźni;2000;[osoba]";"ogółem;kobiety;2000;[osoba]";"0-4;ogółem;2000;[osoba]";"0-4;mężczyźni;2000;[osoba]";"0-4;kobiety;2000;[osoba]";"5-9;ogółem;2000;[osoba]";"5-9;mężczyźni;2000;[osoba]";"5-9;kobiety;2000;[osoba]";"10-14;ogółem;2000;[osoba]";"10-14;mężczyźni;2000;[osoba]";"10-14;kobiety;2000;[osoba]";"15-19;ogółem;2000;[osoba]";"15-19;mężczyźni;2000;[osoba]";"15-19;kobiety;2000;[osoba]";"20-24;ogółem;2000;[osoba]";"20-24;mężczyźni;2000;[osoba]";"20-24;kobiety;2000;[osoba]";
0000000;"POLSKA";38253955;18537339;19716616;1984868;1017933;966935;2428903;1241704;1187199;2880680;1475115;1405565;3342370;1706730;1635640;3128737;1589584;1539153;
0200000;"DOLNOŚLĄSKIE";2912195;1400784;1511411;137095;70172;66923;168898;86339;82559;205862;105210;100652;254655;129688;124967;247396;125889;121507;
0201000;"Powiat bolesławiecki";88005;42820;45185;4778;2509;2269;5890;2941;2949;7085;3642;3443;7526;3863;3663;6876;3517;3359;
0201011;"Bolesławiec (1)";41731;19776;21955;1834;999;835;2230;1102;1128;2857;1462;1395;3431;1754;1677;3239;1647;1592;
0201022;"Bolesławiec (2)";11749;5843;5906;747;381;366;933;465;468;1063;558;505;1017;493;524;921;492;429;
0201032;"Gromadka (2)";5695;2860;2835;316;162;154;446;222;224;506;284;222;520;279;241;411;213;198;
0201043;"Nowogrodziec (3)";14665;7235;7430;924;472;452;1134;554;580;1411;699;712;1367;717;650;1192;597;595;
0201044;"Nowogrodziec - miasto (4)";4128;1995;2133;220;108;112;279;137;142;443;212;231;399;212;187;336;167;169;
0201045;"Nowogrodziec - obszar wiejski (5)";10537;5240;5297;704;364;340;855;417;438;968;487;481;968;505;463;856;430;426;
0201052;"Osiecznica (2)";6728;3399;3329;536;266;270;628;329;299;537;267;270;492;250;242;558;283;275;
0201062;"Warta Bolesławiecka (2)";7437;3707;3730;421;229;192;519;269;250;711;372;339;699;370;329;555;285;270;
0202000;"Powiat dzierżoniowski";107424;50812;56612;4820;2445;2375;6084;3142;2942;7670;3832;3838;9079;4627;4452;8121;4136;3985;
0202011;"Bielawa (1)";32106;15003;17103;1347;648;699;1745;902;843;2249;1132;1117;2681;1385;1296;2383;1209;1174;
0202021;"Dzierżoniów (1)";35697;16614;19083;1406;713;693;1831;934;897;2294;1135;1159;2885;1491;1394;2615;1294;1321;
0202031;"Pieszyce (1)";9663;4606;5057;519;274;245;577;301;276;701;357;344;768;394;374;810;419;391;
0202041;"Piława Górna (1)";6959;3389;3570;386;211;175;496;268;228;579;296;283;662;343;319;523;291;232;
0202052;"Dzierżoniów (2)";9468;4681;4787;477;257;220;605;318;287;734;368;366;893;428;465;762;406;356;
0202062;"Łagiewniki (2)";7330;3540;3790;357;168;189;459;228;231;665;323;342;681;339;342;566;293;273;
0202073;"Niemcza (3)";6201;2979;3222;328;174;154;371;191;180;448;221;227;509;247;262;462;224;238;
0202074;"Niemcza - miasto (4)";3269;1544;1725;166;94;72;178;98;80;220;109;111;252;117;135;225;121;104;
0202075;"Niemcza - obszar wiejski (5)";2932;1435;1497;162;80;82;193;93;100;228;112;116;257;130;127;237;103;134;
0203000;"Powiat głogowski";88092;43223;44869;4650;2332;2318;5265;2734;2531;6901;3560;3341;8390;4323;4067;8087;4158;3929;
0203011;"Głogów (1)";70575;34486;36089;3542;1767;1775;3926;2054;1872;5411;2814;2597;6803;3497;3306;6689;3434;3255;
0203022;"Głogów (2)";4958;2416;2542;311;151;160;388;196;192;440;211;229;465;243;222;360;173;187;
0203032;"Jerzmanowa (2)";2762;1348;1414;195;93;102;208;109;99;244;117;127;232;117;115;210;111;99;
0203042;"Kotla (2)";4034;1987;2047;241;120;121;292;150;142;329;170;159;372;183;189;326;164;162;
0203052;"Pęcław (2)";2266;1172;1094;168;98;70;180;88;92;183;97;86;215;114;101;218;113;105;
0203062;"Żukowice (2)";3497;1814;1683;193;103;90;271;137;134;294;151;143;303;169;134;284;163;121;
0204000;"Powiat górowski";36924;18143;18781;2244;1124;1120;2761;1368;1393;3190;1638;1552;3449;1771;1678;2821;1454;1367;
0204013;"Góra (3)";20973;10222;10751;1263;644;619;1540;778;762;1759;907;852;1943;1007;936;1653;839;814;
0204014;"Góra - miasto (4)";12730;6113;6617;706;356;350;868;433;435;1080;553;527;1200;610;590;994;523;471;
0204015;"Góra - obszar wiejski (5)";8243;4109;4134;557;288;269;672;345;327;679;354;325;743;397;346;659;316;343;
0204022;"Jemielno (2)";3159;1557;1602;186;97;89;251;121;130;297;140;157;334;169;165;214;103;111;
0204032;"Niechlów (2)";5249;2592;2657;327;156;171;426;207;219;479;234;245;492;233;259;341;183;158;
0204043;"Wąsosz (3)";7543;3772;3771;468;227;241;544;262;282;655;357;298;680;362;318;613;329;284;
0204044;"Wąsosz - miasto (4)";2803;1409;1394;154;83;71;171;80;91;260;156;104;270;152;118;268;151;117;
0204045;"Wąsosz - obszar wiejski (5)";4740;2363;2377;314;144;170;373;182;191;395;201;194;410;210;200;345;178;167;
0205000;"Powiat jaworski";53116;26022;27094;2751;1397;1354;3303;1720;1583;4316;2219;2097;4887;2436;2451;4211;2223;1988;
0205011;"Jawor (1)";24827;12013;12814;1176;592;584;1448;752;696;2169;1134;1035;2379;1172;1207;2005;1049;956;
0205023;"Bolków (3)";11288;5533;5755;551;269;282;713;385;328;865;443;422;1045;518;527;835;481;354;
0205024;"Bolków - miasto (4)";5661;2718;2943;255;122;133;302;167;135;403;215;188;496;240;256;393;224;169;
0205025;"Bolków - obszar wiejski (5)";5627;2815;2812;296;147;149;411;218;193;462;228;234;549;278;271;442;257;185;
0205032;"Męcinka (2)";4873;2434;2439;318;183;135;327;169;158;364;182;182;423;210;213;386;197;189;
0205042;"Mściwojów (2)";4197;2055;2142;237;136;101;279;141;138;357;172;185;353;166;187;349;168;181;
0205052;"Paszowice (2)";3852;1954;1898;220;112;108;248;125;123;271;143;128;341;185;156;325;171;154;
0205062;"Wądroże Wielkie (2)";4079;2033;2046;249;105;144;288;148;140;290;145;145;346;185;161;311;157;154;
0206000;"Powiat jeleniogórski";63967;30379;33588;3040;1522;1518;3673;1865;1808;4482;2250;2232;5466;2741;2725;5042;2511;2531;
0206011;"Karpacz (1)";5300;2467;2833;213;114;99;271;141;130;363;183;180;447;223;224;385;186;199;
0206021;"Kowary (1)";12074;5588;6486;587;276;311;690;364;326;789;374;415;961;464;497;1002;492;510;
0206031;"Piechowice (1)";6529;3110;3419;278;153;125;317;164;153;481;244;237;586;301;285;503;252;251;
0206041;"Szklarska Poręba (1)";7388;3440;3948;282;133;149;398;210;188;544;277;267;633;327;306;551;295;256;
0206052;"Janowice Wielkie (2)";4040;1969;2071;175;88;87;253;119;134;319;164;155;340;165;175;307;151;156;
0206062;"Jeżów Sudecki (2)";5825;2858;2967;305;153;152;368;181;187;395;199;196;506;255;251;490;269;221;
0206072;"Mysłakowice (2)";9929;4719;5210;553;279;274;620;315;305;660;337;323;896;449;447;756;353;403;
0206082;"Podgórzyn (2)";7740;3715;4025;378;181;197;415;196;219;559;288;271;667;356;311;600;304;296;
0206092;"Stara Kamienica (2)";5142;2513;2629;269;145;124;341;175;166;372;184;188;430;201;229;448;209;239;
0207000;"Powiat kamiennogórski";47361;22968;24393;2520;1291;1229;2921;1524;1397;3426;1809;1617;4006;2078;1928;3767;1958;1809;
0207011;"Kamienna Góra (1)";22115;10524;11591;1106;552;554;1276;689;587;1454;782;672;1784;920;864;1798;921;877;
0207022;"Kamienna Góra (2)";8552;4262;4290;527;286;241;629;310;319;713;365;348;783;405;378;675;345;330;
0207033;"Lubawka (3)";11841;5782;6059;602;315;287;722;381;341;881;480;401;986;514;472;928;490;438;
0207034;"Lubawka - miasto (4)";6705;3220;3485;320;162;158;363;190;173;466;259;207;538;274;264;558;286;272;
0207035;"Lubawka - obszar wiejski (5)";5136;2562;2574;282;153;129;359;191;168;415;221;194;448;240;208;370;204;166;
0207042;"Marciszów (2)";4853;2400;2453;285;138;147;294;144;150;378;182;196;453;239;214;366;202;164;
0208000;"Powiat kłodzki";171621;82282;89339;7943;4151;3792;10087;5174;4913;12159;6138;6021;14823;7629;7194;12987;6726;6261;
0208011;"Duszniki-Zdrój (1)";5315;2480;2835;238;130;108;293;149;144;314;164;150;383;200;183;432;227;205;
0208021;"Kłodzko (1)";29361;13819;15542;1302;679;623;1495;772;723;1818;951;867;2434;1251;1183;2277;1126;1151;
0208031;"Kudowa-Zdrój (1)";10357;4845;5512;455;235;220;618;328;290;775;389;386;932;478;454;768;388;380;
0208041;"Nowa Ruda (1)";25357;12153;13204;1112;602;510;1390;708;682;1716;846;870;2217;1143;1074;1760;926;834;
0208051;"Polanica-Zdrój (1)";7092;3220;3872;265;125;140;363;167;196;515;262;253;527;276;251;481;246;235;
0208063;"Bystrzyca Kłodzka (3)";20488;9883;10605;942;484;458;1240;628;612;1401;688;713;1719;857;862;1696;935;761;
0208064;"Bystrzyca Kłodzka - miasto (4)";11009;5172;5837;495;251;244;588;303;285;691;327;364;894;427;467;979;531;448;
0208065;"Bystrzyca Kłodzka - obszar wiejski (5)";9479;4711;4768;447;233;214;652;325;327;710;361;349;825;430;395;717;404;313;
0208072;"Kłodzko (2)";16933;8242;8691;859;439;420;1048;540;508;1247;619;628;1606;834;772;1436;731;705;
0208083;"Lądek-Zdrój (3)";9140;4336;4804;424;217;207;580;287;293;636;316;320;673;353;320;637;326;311;
0208084;"Lądek-Zdrój - miasto (4)";6474;3024;3450;282;139;143;399;205;194;446;222;224;454;235;219;442;223;219;
0208085;"Lądek-Zdrój - obszar wiejski (5)";2666;1312;1354;142;78;64;181;82;99;190;94;96;219;118;101;195;103;92;
0208092;"Lewin Kłodzki (2)";1914;897;1017;88;46;42;134;71;63;142;63;79;152;79;73;144;78;66;
0208103;"Międzylesie (3)";7834;3911;3923;391;234;157;565;295;270;633;336;297;727;393;334;545;282;263;
0208104;"Międzylesie - miasto (4)";2883;1409;1474;142;90;52;189;105;84;212;113;99;276;150;126;191;83;108;
0208105;"Międzylesie - obszar wiejski (5)";4951;2502;2449;249;144;105;376;190;186;421;223;198;451;243;208;354;199;155;
0208112;"Nowa Ruda (2)";12552;6120;6432;579;304;275;767;406;361;985;492;493;1185;616;569;891;445;446;
0208123;"Radków (3)";9689;4810;4879;510;274;236;642;324;318;825;420;405;898;455;443;701;386;315;
0208124;"Radków - miasto (4)";2591;1245;1346;143;77;66;185;90;95;225;122;103;227;108;119;190;105;85;
0208125;"Radków - obszar wiejski (5)";7098;3565;3533;367;197;170;457;234;223;600;298;302;671;347;324;511;281;230;
0208133;"Stronie Śląskie (3)";8159;3926;4233;443;217;226;512;276;236;581;298;283;665;332;333;604;308;296;
0208134;"Stronie Śląskie - miasto (4)";6447;3100;3347;323;162;161;375;210;165;453;230;223;530;261;269;463;240;223;
0208135;"Stronie Śląskie - obszar wiejski (5)";1712;826;886;120;55;65;137;66;71;128;68;60;135;71;64;141;68;73;
0208143;"Szczytna (3)";7430;3640;3790;335;165;170;440;223;217;571;294;277;705;362;343;615;322;293;
0208144;"Szczytna - miasto (4)";5361;2605;2756;206;108;98;315;162;153;380;193;187;520;262;258;426;225;201;
0208145;"Szczytna - obszar wiejski (5)";2069;1035;1034;129;57;72;125;61;64;191;101;90;185;100;85;189;97;92;
0209000;"Powiat legnicki";53070;25777;27293;2793;1447;1346;3561;1868;1693;4139;2127;2012;4794;2432;2362;4216;2149;2067;
0209011;"Chojnów (1)";14447;6937;7510;626;327;299;903;496;407;1259;634;625;1430;738;692;1098;566;532;
0209022;"Chojnów (2)";9685;4820;4865;561;295;266;708;362;346;785;418;367;869;447;422;770;385;385;
0209032;"Krotoszyce (2)";3056;1531;1525;185;92;93;224;125;99;237;112;125;279;143;136;253;132;121;
0209042;"Kunice (2)";4623;2240;2383;264;135;129;330;158;172;359;178;181;402;190;212;355;202;153;
0209052;"Legnickie Pole (2)";4959;2211;2748;263;148;115;299;163;136;322;169;153;352;177;175;391;204;187;
0209062;"Miłkowice (2)";6153;3010;3143;337;167;170;377;175;202;411;209;202;547;277;270;502;243;259;
0209073;"Prochowice (3)";7499;3688;3811;413;211;202;536;282;254;573;307;266;698;353;345;655;315;340;
0209074;"Prochowice - miasto (4)";3691;1801;1890;181;93;88;231;121;110;273;150;123;357;180;177;343;162;181;
0209075;"Prochowice - obszar wiejski (5)";3808;1887;1921;232;118;114;305;161;144;300;157;143;341;173;168;312;153;159;
0209082;"Ruja (2)";2648;1340;1308;144;72;72;184;107;77;193;100;93;217;107;110;192;102;90;
0210000;"Powiat lubański";58227;28045;30182;3037;1574;1463;3808;1932;1876;4292;2198;2094;5113;2617;2496;4509;2309;2200;
0210011;"Lubań (1)";23049;10942;12107;1055;573;482;1334;682;652;1577;806;771;1976;1013;963;1765;898;867;
0210021;"Świeradów-Zdrój (1)";4719;2186;2533;236;115;121;304;152;152;342;167;175;374;176;198;352;170;182;
0210033;"Leśna (3)";10854;5304;5550;599;305;294;757;367;390;824;445;379;992;527;465;860;452;408;
0210034;"Leśna - miasto (4)";4815;2344;2471;238;129;109;316;165;151;324;165;159;392;211;181;372;197;175;
0210035;"Leśna - obszar wiejski (5)";6039;2960;3079;361;176;185;441;202;239;500;280;220;600;316;284;488;255;233;
0210042;"Lubań (2)";6466;3200;3266;412;207;205;466;242;224;542;268;274;597;301;296;548;283;265;
0210052;"Olszyna (2)";6870;3363;3507;369;187;182;484;260;224;507;257;250;584;296;288;549;295;254;
0210062;"Platerówka (2)";1725;844;881;99;49;50;129;60;69;149;74;75;156;83;73;122;60;62;
0210072;"Siekierczyn (2)";4544;2206;2338;267;138;129;334;169;165;351;181;170;434;221;213;313;151;162;
0211000;"Powiat lubiński";106437;52017;54420;5355;2643;2712;6391;3258;3133;7698;3843;3855;9384;4833;4551;9522;4886;4636;
0211011;"Lubin (1)";78863;38344;40519;3834;1907;1927;4416;2235;2181;5428;2728;2700;6844;3488;3356;7374;3792;3582;
0211022;"Lubin (2)";10001;4982;5019;553;267;286;742;377;365;790;373;417;944;497;447;775;395;380;
0211032;"Rudna (2)";6877;3430;3447;422;201;221;512;274;238;539;272;267;625;335;290;531;270;261;
0211043;"Ścinawa (3)";10696;5261;5435;546;268;278;721;372;349;941;470;471;971;513;458;842;429;413;
0211044;"Ścinawa - miasto (4)";6041;2923;3118;297;156;141;382;194;188;495;239;256;585;298;287;498;241;257;
0211045;"Ścinawa - obszar wiejski (5)";4655;2338;2317;249;112;137;339;178;161;446;231;215;386;215;171;344;188;156;
0212000;"Powiat lwówecki";49064;23868;25196;2559;1278;1281;3274;1687;1587;3908;1950;1958;4480;2342;2138;3717;1997;1720;
0212013;"Gryfów Śląski (3)";10637;5119;5518;557;282;275;709;366;343;821;426;395;870;445;425;826;443;383;
0212014;"Gryfów Śląski - miasto (4)";7389;3510;3879;367;185;182;478;252;226;544;285;259;626;314;312;579;317;262;
0212015;"Gryfów Śląski - obszar wiejski (5)";3248;1609;1639;190;97;93;231;114;117;277;141;136;244;131;113;247;126;121;
0212023;"Lubomierz (3)";5934;2960;2974;310;148;162;399;216;183;478;233;245;543;292;251;519;292;227;
0212024;"Lubomierz - miasto (4)";1765;878;887;107;55;52;103;52;51;142;68;74;172;92;80;162;90;72;
0212025;"Lubomierz - obszar wiejski (5)";4169;2082;2087;203;93;110;296;164;132;336;165;171;371;200;171;357;202;155;
0212033;"Lwówek Śląski (3)";18542;9039;9503;1016;512;504;1254;652;602;1560;778;782;1855;981;874;1321;687;634;
0212034;"Lwówek Śląski - miasto (4)";9983;4795;5188;469;220;249;598;319;279;804;411;393;959;526;433;699;365;334;
0212035;"Lwówek Śląski - obszar wiejski (5)";8559;4244;4315;547;292;255;656;333;323;756;367;389;896;455;441;622;322;300;
0212043;"Mirsk (3)";9184;4383;4801;480;235;245;591;301;290;688;332;356;754;389;365;703;378;325;
0212044;"Mirsk - miasto (4)";4250;1961;2289;218;100;118;263;128;135;302;144;158;358;189;169;344;182;162;
0212045;"Mirsk - obszar wiejski (5)";4934;2422;2512;262;135;127;328;173;155;386;188;198;396;200;196;359;196;163;
0212053;"Wleń (3)";4767;2367;2400;196;101;95;321;152;169;361;181;180;458;235;223;348;197;151;
0212054;"Wleń - miasto (4)";1968;939;1029;74;37;37;120;63;57;144;74;70;206;110;96;158;85;73;
0212055;"Wleń - obszar wiejski (5)";2799;1428;1371;122;64;58;201;89;112;217;107;110;252;125;127;190;112;78;
0213000;"Powiat milicki";36879;18404;18475;2085;1097;988;2572;1303;1269;2971;1569;1402;3725;2059;1666;3155;1607;1548;
0213012;"Cieszków (2)";4648;2289;2359;271;137;134;357;181;176;401;207;194;452;227;225;422;214;208;
0213022;"Krośnice (2)";7913;3989;3924;473;248;225;551;271;280;622;338;284;739;406;333;681;330;351;
0213033;"Milicz (3)";24318;12126;12192;1341;712;629;1664;851;813;1948;1024;924;2534;1426;1108;2052;1063;989;
0213034;"Milicz - miasto (4)";12269;6005;6264;583;307;276;708;348;360;917;478;439;1386;816;570;1061;540;521;
0213035;"Milicz - obszar wiejski (5)";12049;6121;5928;758;405;353;956;503;453;1031;546;485;1148;610;538;991;523;468;
0214000;"Powiat oleśnicki";102772;50347;52425;5594;2860;2734;6995;3525;3470;8393;4269;4124;9363;4767;4596;8568;4450;4118;
0214011;"Oleśnica (1)";37323;17883;19440;1770;918;852;2159;1060;1099;2733;1410;1323;3236;1625;1611;2993;1515;1478;
0214023;"Bierutów (3)";10430;5078;5352;599;306;293;719;357;362;909;457;452;965;507;458;843;427;416;
0214024;"Bierutów - miasto (4)";5210;2495;2715;256;125;131;304;148;156;454;236;218;517;259;258;448;228;220;
0214025;"Bierutów - obszar wiejski (5)";5220;2583;2637;343;181;162;415;209;206;455;221;234;448;248;200;395;199;196;
0214032;"Dobroszyce (2)";5787;2858;2929;329;162;167;449;239;210;492;242;250;582;284;298;467;239;228;
0214042;"Dziadowa Kłoda (2)";4488;2271;2217;282;149;133;329;171;158;394;201;193;445;240;205;414;230;184;
0214053;"Międzybórz (3)";4880;2411;2469;307;149;158;377;189;188;409;205;204;460;232;228;451;242;209;
0214054;"Międzybórz - miasto (4)";2285;1094;1191;113;56;57;153;73;80;183;89;94;223;109;114;220;112;108;
0214055;"Międzybórz - obszar wiejski (5)";2595;1317;1278;194;93;101;224;116;108;226;116;110;237;123;114;231;130;101;
0214062;"Oleśnica (2)";10879;5649;5230;657;347;310;845;425;420;962;487;475;993;513;480;909;493;416;
0214073;"Syców (3)";16245;7867;8378;918;457;461;1170;585;585;1412;702;710;1468;748;720;1378;711;667;
0214074;"Syców - miasto (4)";10749;5148;5601;539;285;254;747;369;378;909;457;452;988;507;481;930;471;459;
0214075;"Syców - obszar wiejski (5)";5496;2719;2777;379;172;207;423;216;207;503;245;258;480;241;239;448;240;208;
0214083;"Twardogóra (3)";12740;6330;6410;732;372;360;947;499;448;1082;565;517;1214;618;596;1113;593;520;
0214084;"Twardogóra - miasto (4)";6878;3360;3518;363;180;183;493;257;236;598;306;292;613;322;291;610;313;297;
0214085;"Twardogóra - obszar wiejski (5)";5862;2970;2892;369;192;177;454;242;212;484;259;225;601;296;305;503;280;223;
0215000;"Powiat oławski";70382;34496;35886;3747;1879;1868;4407;2226;2181;5291;2743;2548;6353;3272;3081;6318;3293;3025;
0215011;"Oława (1)";31045;15022;16023;1576;806;770;1746;885;861;1982;1035;947;2423;1255;1168;2750;1420;1330;
0215022;"Domaniów (2)";5289;2649;2640;333;176;157;376;190;186;447;219;228;475;252;223;419;220;199;
0215033;"Jelcz-Laskowice (3)";21148;10482;10666;1078;541;537;1376;687;689;1802;945;857;2272;1164;1108;2133;1131;1002;
0215034;"Jelcz-Laskowice - miasto (4)";15158;7526;7632;728;376;352;981;482;499;1320;695;625;1762;897;865;1655;902;753;
0215035;"Jelcz-Laskowice - obszar wiejski (5)";5990;2956;3034;350;165;185;395;205;190;482;250;232;510;267;243;478;229;249;
0215042;"Oława (2)";12900;6343;6557;760;356;404;909;464;445;1060;544;516;1183;601;582;1016;522;494;
0216000;"Powiat polkowicki";61072;30272;30800;3673;1863;1810;4730;2379;2351;5160;2636;2524;5362;2729;2633;4810;2418;2392;
0216013;"Chocianów (3)";13075;6508;6567;764;393;371;978;516;462;1183;621;562;1244;622;622;1004;511;493;
0216014;"Chocianów - miasto (4)";8354;4128;4226;461;232;229;611;318;293;793;404;389;820;414;406;655;339;316;
0216015;"Chocianów - obszar wiejski (5)";4721;2380;2341;303;161;142;367;198;169;390;217;173;424;208;216;349;172;177;
0216022;"Gaworzyce (2)";3817;1867;1950;258;132;126;291;141;150;315;159;156;336;172;164;309;151;158;
0216032;"Grębocice (2)";5227;2607;2620;349;178;171;396;195;201;393;202;191;477;236;241;429;225;204;
0216043;"Polkowice (3)";25690;12699;12991;1573;782;791;2085;1039;1046;2083;1052;1031;2048;1050;998;2069;1014;1055;
0216044;"Polkowice - miasto (4)";21841;10772;11069;1330;658;672;1764;875;889;1770;904;866;1734;894;840;1781;862;919;
0216045;"Polkowice - obszar wiejski (5)";3849;1927;1922;243;124;119;321;164;157;313;148;165;314;156;158;288;152;136;
0216053;"Przemków (3)";9059;4451;4608;481;243;238;678;332;346;867;442;425;831;411;420;632;320;312;
0216054;"Przemków - miasto (4)";6701;3275;3426;350;166;184;487;246;241;690;354;336;649;315;334;456;225;231;
0216055;"Przemków - obszar wiejski (5)";2358;1176;1182;131;77;54;191;86;105;177;88;89;182;96;86;176;95;81;
0216062;"Radwanice (2)";4204;2140;2064;248;135;113;302;156;146;319;160;159;426;238;188;367;197;170;
0217000;"Powiat strzeliński";44786;22067;22719;2343;1220;1123;2873;1513;1360;3398;1724;1674;4019;2136;1883;3477;1796;1681;
0217012;"Borów (2)";5216;2595;2621;277;140;137;383;197;186;385;191;194;429;232;197;380;202;178;
0217022;"Kondratowice (2)";4695;2335;2360;271;136;135;288;153;135;372;193;179;471;224;247;384;205;179;
0217032;"Przeworno (2)";5330;2662;2668;299;160;139;401;222;179;399;192;207;448;228;220;376;186;190;
0217043;"Strzelin (3)";22033;10760;11273;1040;565;475;1289;663;626;1662;844;818;2012;1105;907;1750;911;839;
0217044;"Strzelin - miasto (4)";12663;6107;6556;532;289;243;637;333;304;872;452;420;1143;639;504;1063;555;508;
0217045;"Strzelin - obszar wiejski (5)";9370;4653;4717;508;276;232;652;330;322;790;392;398;869;466;403;687;356;331;
0217053;"Wiązów (3)";7512;3715;3797;456;219;237;512;278;234;580;304;276;659;347;312;587;292;295;
0217054;"Wiązów - miasto (4)";2250;1074;1176;120;53;67;133;73;60;177;98;79;216;108;108;183;86;97;
0217055;"Wiązów - obszar wiejski (5)";5262;2641;2621;336;166;170;379;205;174;403;206;197;443;239;204;404;206;198;
0218000;"Powiat średzki";48421;23903;24518;2634;1342;1292;3327;1697;1630;3763;1986;1777;4309;2273;2036;3952;1975;1977;
0218012;"Kostomłoty (2)";6893;3482;3411;381;201;180;469;239;230;587;303;284;596;323;273;540;276;264;
0218022;"Malczyce (2)";5964;2923;3041;354;185;169;454;235;219;476;246;230;463;252;211;471;222;249;
0218032;"Miękinia (2)";10892;5371;5521;619;315;304;759;389;370;842;455;387;1028;533;495;910;432;478;
0218043;"Środa Śląska (3)";18981;9285;9696;994;495;499;1253;634;619;1376;719;657;1674;882;792;1571;798;773;
0218044;"Środa Śląska - miasto (4)";8811;4193;4618;433;203;230;524;264;260;582;313;269;757;392;365;772;381;391;
0218045;"Środa Śląska - obszar wiejski (5)";10170;5092;5078;561;292;269;729;370;359;794;406;388;917;490;427;799;417;382;
0218052;"Udanin (2)";5691;2842;2849;286;146;140;392;200;192;482;263;219;548;283;265;460;247;213;
0219000;"Powiat świdnicki";162536;78111;84425;7827;4046;3781;9761;4974;4787;12083;6223;5860;14397;7300;7097;12759;6570;6189;
0219011;"Świdnica (1)";61624;29214;32410;2778;1446;1332;3393;1736;1657;4250;2205;2045;5166;2624;2542;4784;2414;2370;
0219021;"Świebodzice (1)";23708;11239;12469;1047;535;512;1320;687;633;1617;826;791;2079;1057;1022;1921;1006;915;
0219032;"Dobromierz (2)";5510;2723;2787;284;156;128;331;162;169;447;223;224;499;268;231;420;217;203;
0219043;"Jaworzyna Śląska (3)";10318;4922;5396;522;264;258;702;340;362;848;425;423;976;487;489;824;444;380;
0219044;"Jaworzyna Śląska - miasto (4)";5302;2477;2825;255;120;135;364;168;196;429;215;214;468;236;232;411;222;189;
0219045;"Jaworzyna Śląska - obszar wiejski (5)";5016;2445;2571;267;144;123;338;172;166;419;210;209;508;251;257;413;222;191;
0219052;"Marcinowice (2)";6461;3182;3279;389;211;178;464;221;243;572;297;275;617;301;316;495;261;234;
0219063;"Strzegom (3)";27492;13417;14075;1350;690;660;1802;936;866;2117;1105;1012;2455;1278;1177;2147;1138;1009;
0219064;"Strzegom - miasto (4)";17191;8320;8871;793;391;402;1071;565;506;1232;619;613;1523;791;732;1315;713;602;
0219065;"Strzegom - obszar wiejski (5)";10301;5097;5204;557;299;258;731;371;360;885;486;399;932;487;445;832;425;407;
0219072;"Świdnica (2)";15014;7419;7595;800;411;389;971;503;468;1251;629;622;1483;737;746;1165;614;551;
0219083;"Żarów (3)";12409;5995;6414;657;333;324;778;389;389;981;513;468;1122;548;574;1003;476;527;
0219084;"Żarów - miasto (4)";6913;3306;3607;342;165;177;410;216;194;492;254;238;593;292;301;580;265;315;
0219085;"Żarów - obszar wiejski (5)";5496;2689;2807;315;168;147;368;173;195;489;259;230;529;256;273;423;211;212;
0220000;"Powiat trzebnicki";75481;37119;38362;4171;2125;2046;5215;2631;2584;5970;3033;2937;6831;3471;3360;6281;3179;3102;
0220013;"Oborniki Śląskie (3)";17179;8441;8738;912;482;430;1077;537;540;1247;628;619;1447;743;704;1409;720;689;
0220014;"Oborniki Śląskie - miasto (4)";8274;3943;4331;374;197;177;464;221;243;563;289;274;716;366;350;691;340;351;
0220015;"Oborniki Śląskie - obszar wiejski (5)";8905;4498;4407;538;285;253;613;316;297;684;339;345;731;377;354;718;380;338;
0220023;"Prusice (3)";9158;4608;4550;554;273;281;657;322;335;770;388;382;924;510;414;765;401;364;
0220024;"Prusice - miasto (4)";2212;1101;1111;131;67;64;132;61;71;190;101;89;224;131;93;194;98;96;
0220025;"Prusice - obszar wiejski (5)";6946;3507;3439;423;206;217;525;261;264;580;287;293;700;379;321;571;303;268;
0220033;"Trzebnica (3)";21452;10361;11091;1164;591;573;1379;693;686;1641;830;811;2015;974;1041;1794;915;879;
0220034;"Trzebnica - miasto (4)";11998;5649;6349;559;297;262;615;311;304;827;414;413;1140;537;603;1033;539;494;
0220035;"Trzebnica - obszar wiejski (5)";9454;4712;4742;605;294;311;764;382;382;814;416;398;875;437;438;761;376;385;
0220042;"Wisznia Mała (2)";7527;3703;3824;427;205;222;547;292;255;614;308;306;699;349;350;650;328;322;
0220052;"Zawonia (2)";5325;2686;2639;316;167;149;429;213;216;500;254;246;472;253;219;457;226;231;
0220063;"Żmigród (3)";14840;7320;7520;798;407;391;1126;574;552;1198;625;573;1274;642;632;1206;589;617;
0220064;"Żmigród - miasto (4)";6461;3146;3315;325;161;164;423;225;198;520;273;247;581;292;289;558;275;283;
0220065;"Żmigród - obszar wiejski (5)";8379;4174;4205;473;246;227;703;349;354;678;352;326;693;350;343;648;314;334;
0221000;"Powiat wałbrzyski";60084;28851;31233;2820;1422;1398;3642;1876;1766;4315;2265;2050;5190;2662;2528;4476;2273;2203;
0221011;"Boguszów-Gorce (1)";17224;8227;8997;818;417;401;1009;520;489;1214;649;565;1445;722;723;1244;605;639;
0221021;"Jedlina-Zdrój (1)";5269;2522;2747;243;119;124;299;166;133;368;178;190;437;247;190;415;205;210;
0221031;"Szczawno-Zdrój (1)";5825;2730;3095;213;111;102;266;154;112;314;170;144;466;234;232;389;202;187;
0221042;"Czarny Bór (2)";4781;2331;2450;292;147;145;362;194;168;431;225;206;458;224;234;377;187;190;
0221053;"Głuszyca (3)";9484;4533;4951;426;205;221;606;301;305;654;344;310;867;468;399;693;361;332;
0221054;"Głuszyca - miasto (4)";7245;3431;3814;317;154;163;452;230;222;495;258;237;659;361;298;533;271;262;
0221055;"Głuszyca - obszar wiejski (5)";2239;1102;1137;109;51;58;154;71;83;159;86;73;208;107;101;160;90;70;
0221063;"Mieroszów (3)";7632;3681;3951;335;177;158;487;237;250;586;304;282;606;311;295;601;308;293;
0221064;"Mieroszów - miasto (4)";4768;2313;2455;228;125;103;276;129;147;343;184;159;386;198;188;389;205;184;
0221065;"Mieroszów - obszar wiejski (5)";2864;1368;1496;107;52;55;211;108;103;243;120;123;220;113;107;212;103;109;
0221072;"Stare Bogaczowice (2)";4105;2012;2093;220;113;107;255;122;133;323;168;155;380;194;186;322;169;153;
0221082;"Walim (2)";5764;2815;2949;273;133;140;358;182;176;425;227;198;531;262;269;435;236;199;
0222000;"Powiat wołowski";47894;23372;24522;2356;1225;1131;3131;1590;1541;3827;1911;1916;4171;2114;2057;3741;1941;1800;
0222013;"Brzeg Dolny (3)";16339;7949;8390;734;385;349;972;507;465;1237;606;631;1475;750;725;1388;712;676;
0222014;"Brzeg Dolny - miasto (4)";12926;6252;6674;547;292;255;724;373;351;955;466;489;1113;564;549;1114;576;538;
0222015;"Brzeg Dolny - obszar wiejski (5)";3413;1697;1716;187;93;94;248;134;114;282;140;142;362;186;176;274;136;138;
0222022;"Wińsko (2)";8872;4363;4509;515;272;243;639;318;321;738;360;378;696;346;350;677;372;305;
0222033;"Wołów (3)";22683;11060;11623;1107;568;539;1520;765;755;1852;945;907;2000;1018;982;1676;857;819;
0222034;"Wołów - miasto (4)";12363;5924;6439;539;284;255;768;389;379;941;479;462;1124;572;552;913;474;439;
0222035;"Wołów - obszar wiejski (5)";10320;5136;5184;568;284;284;752;376;376;911;466;445;876;446;430;763;383;380;
0223000;"Powiat wrocławski";94925;46718;48207;5156;2691;2465;6292;3261;3031;7861;4048;3813;8640;4372;4268;7647;3892;3755;
0223012;"Czernica (2)";8057;3992;4065;479;242;237;542;280;262;671;354;317;705;362;343;589;285;304;
0223022;"Długołęka (2)";18617;9365;9252;1144;610;534;1311;692;619;1543;786;757;1717;851;866;1557;799;758;
0223032;"Jordanów Śląski (2)";2945;1482;1463;152;79;73;202;108;94;250;125;125;283;154;129;196;106;90;
0223043;"Kąty Wrocławskie (3)";16832;8271;8561;898;482;416;1085;560;525;1400;734;666;1506;780;726;1388;707;681;
0223044;"Kąty Wrocławskie - miasto (4)";5236;2500;2736;279;139;140;291;156;135;426;200;226;427;222;205;458;233;225;
0223045;"Kąty Wrocławskie - obszar wiejski (5)";11596;5771;5825;619;343;276;794;404;390;974;534;440;1079;558;521;930;474;456;
0223052;"Kobierzyce (2)";12038;5911;6127;681;350;331;821;411;410;974;498;476;1128;554;574;993;481;512;
0223062;"Mietków (2)";3814;1897;1917;185;108;77;275;146;129;305;149;156;342;163;179;264;145;119;
0223073;"Sobótka (3)";12238;5914;6324;644;314;330;795;410;385;1017;532;485;1126;547;579;971;516;455;
0223074;"Sobótka - miasto (4)";6688;3160;3528;301;148;153;390;206;184;535;267;268;634;299;335;550;298;252;
0223075;"Sobótka - obszar wiejski (5)";5550;2754;2796;343;166;177;405;204;201;482;265;217;492;248;244;421;218;203;
0223083;"Siechnice (3)";12634;6069;6565;608;314;294;737;384;353;1007;517;490;1123;604;519;1044;526;518;
0223084;"Siechnice - miasto (4)";3979;1977;2002;184;100;84;243;132;111;355;205;150;433;228;205;321;163;158;
0223085;"Siechnice - obszar wiejski (5)";8655;4092;4563;424;214;210;494;252;242;652;312;340;690;376;314;723;363;360;
0223092;"Żórawina (2)";7750;3817;3933;365;192;173;524;270;254;694;353;341;710;357;353;645;327;318;
0224000;"Powiat ząbkowicki";70877;34169;36708;3405;1730;1675;4486;2303;2183;5317;2757;2560;6243;3143;3100;5381;2704;2677;
0224013;"Bardo (3)";5794;2781;3013;257;125;132;356;190;166;451;214;237;543;285;258;449;216;233;
0224014;"Bardo - miasto (4)";2945;1402;1543;129;62;67;177;89;88;241;110;131;278;144;134;239;110;129;
0224015;"Bardo - obszar wiejski (5)";2849;1379;1470;128;63;65;179;101;78;210;104;106;265;141;124;210;106;104;
0224022;"Ciepłowody (2)";3301;1645;1656;181;94;87;225;121;104;278;142;136;301;150;151;245;135;110;
0224032;"Kamieniec Ząbkowicki (2)";8796;4267;4529;449;225;224;603;318;285;704;364;340;777;371;406;744;374;370;
0224042;"Stoszowice (2)";5690;2803;2887;308;147;161;390;211;179;494;264;230;534;269;265;466;230;236;
0224053;"Ząbkowice Śląskie (3)";23696;11267;12429;1096;579;517;1436;734;702;1684;874;810;1995;976;1019;1782;877;905;
0224054;"Ząbkowice Śląskie - miasto (4)";16674;7772;8902;750;399;351;918;477;441;1106;554;552;1377;650;727;1268;594;674;
0224055;"Ząbkowice Śląskie - obszar wiejski (5)";7022;3495;3527;346;180;166;518;257;261;578;320;258;618;326;292;514;283;231;
0224063;"Ziębice (3)";18689;9048;9641;886;450;436;1154;582;572;1323;697;626;1654;873;781;1320;678;642;
0224064;"Ziębice - miasto (4)";9668;4623;5045;402;203;199;564;283;281;670;351;319;830;433;397;643;340;303;
0224065;"Ziębice - obszar wiejski (5)";9021;4425;4596;484;247;237;590;299;291;653;346;307;824;440;384;677;338;339;
0224073;"Złoty Stok (3)";4911;2358;2553;228;110;118;322;147;175;383;202;181;439;219;220;375;194;181;
0224074;"Złoty Stok - miasto (4)";3036;1447;1589;141;69;72;183;85;98;219;119;100;268;135;133;240;126;114;
0224075;"Złoty Stok - obszar wiejski (5)";1875;911;964;87;41;46;139;62;77;164;83;81;171;84;87;135;68;67;
0225000;"Powiat zgorzelecki";96479;46990;49489;4784;2497;2287;6072;3072;3000;7206;3706;3500;8493;4327;4166;7591;3894;3697;
0225011;"Zawidów (1)";4575;2228;2347;216;102;114;339;175;164;385;203;182;437;219;218;303;154;149;
0225021;"Zgorzelec (1)";34104;16303;17801;1372;701;671;1766;911;855;2192;1077;1115;2772;1418;1354;2705;1410;1295;
0225033;"Bogatynia (3)";25694;12573;13121;1383;722;661;1716;871;845;2070;1078;992;2358;1176;1182;2092;1062;1030;
0225034;"Bogatynia - miasto (4)";19536;9442;10094;1005;520;485;1274;638;636;1619;843;776;1904;925;979;1608;815;793;
0225035;"Bogatynia - obszar wiejski (5)";6158;3131;3027;378;202;176;442;233;209;451;235;216;454;251;203;484;247;237;
0225043;"Pieńsk (3)";9464;4648;4816;537;284;253;679;330;349;765;434;331;832;403;429;758;393;365;
0225044;"Pieńsk - miasto (4)";6037;2936;3101;329;171;158;434;219;215;448;255;193;478;222;256;509;253;256;
0225045;"Pieńsk - obszar wiejski (5)";3427;1712;1715;208;113;95;245;111;134;317;179;138;354;181;173;249;140;109;
0225052;"Sulików (2)";5894;2937;2957;366;209;157;409;197;212;467;240;227;553;304;249;468;239;229;
0225063;"Węgliniec (3)";9026;4454;4572;476;254;222;628;316;312;701;346;355;828;438;390;677;351;326;
0225064;"Węgliniec - miasto (4)";3179;1561;1618;159;90;69;178;79;99;246;122;124;307;164;143;238;131;107;
0225065;"Węgliniec - obszar wiejski (5)";5847;2893;2954;317;164;153;450;237;213;455;224;231;521;274;247;439;220;219;
0225072;"Zgorzelec (2)";7722;3847;3875;434;225;209;535;272;263;626;328;298;713;369;344;588;285;303;
0226000;"Powiat złotoryjski";46464;22579;23885;2338;1176;1162;3061;1544;1517;3818;1917;1901;4552;2315;2237;3806;1927;1879;
0226011;"Wojcieszów (1)";4092;1998;2094;182;99;83;243;125;118;314;154;160;450;231;219;312;163;149;
0226021;"Złotoryja (1)";16822;7979;8843;721;369;352;989;504;485;1322;664;658;1684;846;838;1435;694;741;
0226032;"Pielgrzymka (2)";4803;2391;2412;307;164;143;377;199;178;420;208;212;439;219;220;375;181;194;
0226043;"Świerzawa (3)";7954;3937;4017;430;210;220;539;248;291;648;341;307;737;406;331;666;349;317;
0226044;"Świerzawa - miasto (4)";2520;1201;1319;131;57;74;150;67;83;199;89;110;240;129;111;236;124;112;
0226045;"Świerzawa - obszar wiejski (5)";5434;2736;2698;299;153;146;389;181;208;449;252;197;497;277;220;430;225;205;
0226052;"Zagrodno (2)";5809;2848;2961;313;153;160;425;213;212;521;259;262;512;251;261;452;244;208;
0226062;"Złotoryja (2)";6984;3426;3558;385;181;204;488;255;233;593;291;302;730;362;368;566;296;270;
0261000;"Powiat m.Jelenia Góra";90130;42323;47807;3517;1745;1772;4422;2283;2139;5475;2844;2631;7458;3835;3623;7244;3672;3572;
0261011;"Jelenia Góra (1)";90130;42323;47807;3517;1745;1772;4422;2283;2139;5475;2844;2631;7458;3835;3623;7244;3672;3572;
0262000;"Powiat m.Legnica";107416;50988;56428;4960;2590;2370;6146;3151;2995;7393;3780;3613;9282;4672;4610;8831;4380;4451;
0262011;"Legnica (1)";107416;50988;56428;4960;2590;2370;6146;3151;2995;7393;3780;3613;9282;4672;4610;8831;4380;4451;
0263000;"Powiat m.Wałbrzych do 2002";131675;62217;69458;5217;2657;2560;6268;3184;3084;8363;4302;4061;11315;5650;5665;10359;5335;5024;
0263011;"Wałbrzych do 2002 (1)";131675;62217;69458;5217;2657;2560;6268;3184;3084;8363;4302;4061;11315;5650;5665;10359;5335;5024;
0264000;"Powiat m.Wrocław";640614;301502;339112;23978;12294;11684;28480;14614;13866;35992;18291;17701;53555;26899;26656;65124;32559;32565;
0264011;"Wrocław (1)";640614;301502;339112;23978;12294;11684;28480;14614;13866;35992;18291;17701;53555;26899;26656;65124;32559;32565;
0400000;"KUJAWSKO-POMORSKIE";2067817;999114;1068703;111902;57420;54482;137127;69706;67421;158665;81129;77536;185784;95021;90763;169234;85555;83679;
0401000;"Powiat aleksandrowski";55327;26684;28643;3050;1592;1458;3522;1783;1739;4319;2187;2132;4832;2522;2310;4178;2113;2065;
0401011;"Aleksandrów Kujawski (1)";12552;5927;6625;663;346;317;738;338;400;931;465;466;1245;679;566;1006;493;513;
0401021;"Ciechocinek (1)";10819;4842;5977;410;206;204;516;256;260;740;369;371;847;408;439;776;380;396;
0401031;"Nieszawa (1)";2119;1049;1070;121;67;54;130;79;51;182;100;82;176;106;70;155;67;88;
0401042;"Aleksandrów Kujawski (2)";10200;5017;5183;650;343;307;774;374;400;881;453;428;938;479;459;788;402;386;
0401052;"Bądkowo (2)";4780;2399;2381;286;140;146;314;182;132;379;190;189;444;241;203;352;191;161;
0401062;"Koneck (2)";3523;1773;1750;223;124;99;258;122;136;279;145;134;264;139;125;243;135;108;
0401072;"Raciążek (2)";3045;1523;1522;180;97;83;204;106;98;245;117;128;237;123;114;179;86;93;
0401082;"Waganiec (2)";4527;2287;2240;300;158;142;334;187;147;374;195;179;390;199;191;401;219;182;
0401092;"Zakrzewo (2)";3762;1867;1895;217;111;106;254;139;115;308;153;155;291;148;143;278;140;138;
0402000;"Powiat brodnicki";74695;36625;38070;4573;2396;2177;5842;2916;2926;6579;3436;3143;6989;3596;3393;5696;2996;2700;
0402011;"Brodnica (1)";27175;12925;14250;1490;781;709;1813;904;909;2291;1211;1080;2672;1318;1354;2078;1042;1036;
0402022;"Bobrowo (2)";6314;3171;3143;422;213;209;494;242;252;537;276;261;562;312;250;523;283;240;
0402032;"Brodnica (2)";5919;2986;2933;382;199;183;557;307;250;580;294;286;562;295;267;459;235;224;
0402042;"Brzozie (2)";3601;1839;1762;245;134;111;284;134;150;306;165;141;352;190;162;297;171;126;
0402053;"Górzno (3)";3969;1976;1993;228;118;110;326;152;174;395;198;197;358;196;162;280;165;115;
0402054;"Górzno - miasto (4)";1394;668;726;72;30;42;110;53;57;137;68;69;120;63;57;87;50;37;
0402055;"Górzno - obszar wiejski (5)";2575;1308;1267;156;88;68;216;99;117;258;130;128;238;133;105;193;115;78;
0402062;"Bartniczka (2)";4581;2286;2295;303;153;150;376;189;187;411;206;205;426;225;201;352;193;159;
0402073;"Jabłonowo Pomorskie (3)";9194;4491;4703;585;327;258;766;367;399;772;416;356;812;413;399;698;360;338;
0402074;"Jabłonowo Pomorskie - miasto (4)";3719;1764;1955;214;117;97;304;135;169;295;150;145;292;148;144;286;157;129;
0402075;"Jabłonowo Pomorskie - obszar wiejski (5)";5475;2727;2748;371;210;161;462;232;230;477;266;211;520;265;255;412;203;209;
0402082;"Osiek (2)";4202;2082;2120;283;138;145;350;177;173;384;202;182;374;204;170;289;160;129;
0402092;"Świedziebnia (2)";5256;2616;2640;359;189;170;510;266;244;499;256;243;459;230;229;397;205;192;
0402102;"Zbiczno (2)";4484;2253;2231;276;144;132;366;178;188;404;212;192;412;213;199;323;182;141;
0403000;"Powiat bydgoski";86399;42574;43825;5346;2675;2671;6618;3309;3309;7178;3714;3464;7839;3986;3853;7022;3532;3490;
0403012;"Białe Błota (2)";10677;5284;5393;722;353;369;822;413;409;909;482;427;945;476;469;834;422;412;
0403022;"Dąbrowa Chełmińska (2)";6693;3348;3345;451;227;224;553;286;267;576;290;286;627;325;302;553;268;285;
0403032;"Dobrcz (2)";8690;4281;4409;546;273;273;669;327;342;679;353;326;792;413;379;711;365;346;
0403043;"Koronowo (3)";22745;11238;11507;1331;709;622;1674;817;857;1960;1003;957;2115;1074;1041;1937;977;960;
0403044;"Koronowo - miasto (4)";10721;5166;5555;578;306;272;747;370;377;907;460;447;1024;497;527;910;442;468;
0403045;"Koronowo - obszar wiejski (5)";12024;6072;5952;753;403;350;927;447;480;1053;543;510;1091;577;514;1027;535;492;
0403052;"Nowa Wieś Wielka (2)";7166;3539;3627;489;252;237;562;266;296;602;307;295;608;327;281;599;303;296;
0403062;"Osielsko (2)";6575;3231;3344;400;179;221;546;269;277;501;263;238;544;280;264;489;238;251;
0403072;"Sicienko (2)";8297;4192;4105;562;278;284;695;365;330;747;399;348;795;431;364;674;338;336;
0403083;"Solec Kujawski (3)";15556;7461;8095;845;404;441;1097;566;531;1204;617;587;1413;660;753;1225;621;604;
0403084;"Solec Kujawski - miasto (4)";14577;6959;7618;781;366;415;1021;527;494;1122;582;540;1306;611;695;1130;564;566;
0403085;"Solec Kujawski - obszar wiejski (5)";979;502;477;64;38;26;76;39;37;82;35;47;107;49;58;95;57;38;
0404000;"Powiat chełmiński";51244;24988;26256;3117;1618;1499;3694;1885;1809;4264;2223;2041;4813;2439;2374;4061;2049;2012;
0404011;"Chełmno (1)";20650;9803;10847;1153;610;543;1298;677;621;1538;803;735;1870;923;947;1615;835;780;
0404022;"Chełmno (2)";5077;2577;2500;397;200;197;421;209;212;459;261;198;469;254;215;422;201;221;
0404032;"Kijewo Królewskie (2)";4199;2072;2127;256;142;114;334;173;161;346;169;177;371;176;195;335;167;168;
0404042;"Lisewo (2)";5260;2578;2682;297;154;143;423;205;218;452;225;227;475;236;239;430;216;214;
0404052;"Papowo Biskupie (2)";4269;2138;2131;258;143;115;352;185;167;400;199;201;415;211;204;365;188;177;
0404062;"Stolno (2)";5105;2574;2531;348;165;183;417;213;204;474;259;215;557;308;249;367;178;189;
0404072;"Unisław (2)";6684;3246;3438;408;204;204;449;223;226;595;307;288;656;331;325;527;264;263;
0405000;"Powiat golubsko-dobrzyński";44823;22138;22685;2958;1506;1452;3546;1774;1772;3834;1962;1872;3951;2073;1878;3503;1851;1652;
0405011;"Golub-Dobrzyń (1)";12959;6178;6781;792;398;394;997;490;507;1163;574;589;1162;617;545;1035;518;517;
0405022;"Ciechocin (2)";3899;1988;1911;288;160;128;374;193;181;314;166;148;313;161;152;291;154;137;
0405032;"Golub-Dobrzyń (2)";7986;4033;3953;559;288;271;614;312;302;657;339;318;730;384;346;668;363;305;
0405043;"Kowalewo Pomorskie (3)";11262;5518;5744;710;342;368;836;414;422;924;470;454;1000;504;496;882;475;407;
0405044;"Kowalewo Pomorskie - miasto (4)";4124;1955;2169;227;99;128;276;124;152;329;164;165;359;188;171;342;181;161;
0405045;"Kowalewo Pomorskie - obszar wiejski (5)";7138;3563;3575;483;243;240;560;290;270;595;306;289;641;316;325;540;294;246;
0405052;"Radomin (2)";4222;2121;2101;294;158;136;339;172;167;404;218;186;349;181;168;301;163;138;
0405062;"Zbójno (2)";4495;2300;2195;315;160;155;386;193;193;372;195;177;397;226;171;326;178;148;
0406000;"Powiat grudziądzki";38499;19196;19303;2543;1356;1187;3049;1545;1504;3413;1717;1696;3643;1909;1734;3029;1544;1485;
0406012;"Grudziądz (2)";9760;4827;4933;647;323;324;746;399;347;796;395;401;893;448;445;805;399;406;
0406022;"Gruta (2)";6583;3290;3293;401;228;173;525;249;276;592;300;292;594;318;276;506;259;247;
0406033;"Łasin (3)";8544;4225;4319;545;289;256;648;312;336;752;413;339;841;459;382;666;343;323;
0406034;"Łasin - miasto (4)";3346;1605;1741;162;84;78;194;101;93;295;174;121;325;186;139;238;118;120;
0406035;"Łasin - obszar wiejski (5)";5198;2620;2578;383;205;178;454;211;243;457;239;218;516;273;243;428;225;203;
0406043;"Radzyń Chełmiński (3)";5006;2504;2502;333;181;152;447;230;217;456;217;239;446;230;216;386;203;183;
0406044;"Radzyń Chełmiński - miasto (4)";1939;939;1000;108;55;53;159;77;82;169;90;79;186;90;96;133;73;60;
0406045;"Radzyń Chełmiński - obszar wiejski (5)";3067;1565;1502;225;126;99;288;153;135;287;127;160;260;140;120;253;130;123;
0406052;"Rogóźno (2)";4177;2132;2045;284;143;141;325;178;147;387;192;195;422;221;201;314;166;148;
0406062;"Świecie nad Osą (2)";4429;2218;2211;333;192;141;358;177;181;430;200;230;447;233;214;352;174;178;
0407000;"Powiat inowrocławski";166441;80757;85684;8671;4427;4244;11082;5722;5360;12924;6687;6237;15100;7807;7293;12898;6662;6236;
0407011;"Inowrocław (1)";78203;37105;41098;3619;1853;1766;4666;2445;2221;5724;2942;2782;7056;3634;3422;5949;3035;2914;
0407022;"Dąbrowa Biskupia (2)";5311;2638;2673;311;157;154;368;194;174;428;213;215;502;241;261;485;242;243;
0407033;"Gniewkowo (3)";14796;7305;7491;875;437;438;1018;534;484;1142;588;554;1377;706;671;1211;659;552;
0407034;"Gniewkowo - miasto (4)";7314;3520;3794;411;200;211;482;253;229;505;252;253;623;321;302;634;329;305;
0407035;"Gniewkowo - obszar wiejski (5)";7482;3785;3697;464;237;227;536;281;255;637;336;301;754;385;369;577;330;247;
0407042;"Inowrocław (2)";10903;5433;5470;677;358;319;850;410;440;872;445;427;951;497;454;810;399;411;
0407053;"Janikowo (3)";13643;6724;6919;751;386;365;1062;558;504;1135;590;545;1182;578;604;1002;512;490;
0407054;"Janikowo - miasto (4)";9081;4436;4645;447;239;208;654;358;296;782;415;367;788;376;412;650;329;321;
0407055;"Janikowo - obszar wiejski (5)";4562;2288;2274;304;147;157;408;200;208;353;175;178;394;202;192;352;183;169;
0407063;"Kruszwica (3)";20178;9967;10211;1043;530;513;1404;724;680;1651;892;759;1826;980;846;1512;805;707;
0407064;"Kruszwica - miasto (4)";9406;4541;4865;424;222;202;632;330;302;796;426;370;849;440;409;681;364;317;
0407065;"Kruszwica - obszar wiejski (5)";10772;5426;5346;619;308;311;772;394;378;855;466;389;977;540;437;831;441;390;
0407073;"Pakość (3)";9944;4852;5092;554;274;280;679;345;334;810;417;393;924;476;448;823;429;394;
0407074;"Pakość - miasto (4)";5791;2796;2995;305;134;171;373;196;177;443;233;210;481;252;229;501;257;244;
0407075;"Pakość - obszar wiejski (5)";4153;2056;2097;249;140;109;306;149;157;367;184;183;443;224;219;322;172;150;
0407082;"Rojewo (2)";4550;2274;2276;291;143;148;361;177;184;413;200;213;429;227;202;379;196;183;
0407092;"Złotniki Kujawskie (2)";8913;4459;4454;550;289;261;674;335;339;749;400;349;853;468;385;727;385;342;
0408000;"Powiat lipnowski";66732;32914;33818;4567;2334;2233;5359;2758;2601;5673;2955;2718;5932;3073;2859;5230;2687;2543;
0408011;"Lipno (1)";15089;7169;7920;948;510;438;1077;529;548;1197;640;557;1344;695;649;1244;629;615;
0408022;"Bobrowniki (2)";3059;1549;1510;260;142;118;267;149;118;260;125;135;276;151;125;255;128;127;
0408032;"Chrostkowo (2)";3205;1587;1618;225;106;119;266;139;127;271;161;110;251;125;126;255;125;130;
0408043;"Dobrzyń nad Wisłą (3)";8142;4044;4098;481;229;252;653;347;306;729;362;367;737;379;358;641;349;292;
0408044;"Dobrzyń nad Wisłą - miasto (4)";2398;1177;1221;130;66;64;183;104;79;204;97;107;210;106;104;210;110;100;
0408045;"Dobrzyń nad Wisłą - obszar wiejski (5)";5744;2867;2877;351;163;188;470;243;227;525;265;260;527;273;254;431;239;192;
0408052;"Kikół (2)";7242;3611;3631;510;249;261;600;341;259;660;353;307;654;334;320;563;283;280;
0408062;"Lipno (2)";11142;5567;5575;812;415;397;957;470;487;945;495;450;973;510;463;882;444;438;
0408073;"Skępe (3)";7593;3725;3868;533;282;251;595;290;305;644;320;324;698;354;344;536;261;275;
0408074;"Skępe - miasto (4)";3518;1677;1841;211;106;105;254;122;132;297;137;160;323;161;162;249;125;124;
0408075;"Skępe - obszar wiejski (5)";4075;2048;2027;322;176;146;341;168;173;347;183;164;375;193;182;287;136;151;
0408082;"Tłuchowo (2)";4614;2334;2280;320;164;156;374;204;170;393;194;199;424;216;208;378;209;169;
0408092;"Wielgie (2)";6646;3328;3318;478;237;241;570;289;281;574;305;269;575;309;266;476;259;217;
0409000;"Powiat mogileński";47425;23306;24119;2797;1421;1376;3367;1726;1641;3910;1996;1914;4407;2299;2108;3686;1950;1736;
0409012;"Dąbrowa (2)";4736;2357;2379;317;167;150;369;188;181;433;219;214;402;197;205;376;192;184;
0409022;"Jeziora Wielkie (2)";5121;2513;2608;307;156;151;403;189;214;426;220;206;436;247;189;392;220;172;
0409033;"Mogilno (3)";25095;12269;12826;1482;734;748;1728;926;802;2065;1057;1008;2352;1191;1161;1974;1035;939;
0409034;"Mogilno - miasto (4)";12809;6128;6681;713;360;353;779;428;351;1036;520;516;1155;588;567;1001;533;468;
0409035;"Mogilno - obszar wiejski (5)";12286;6141;6145;769;374;395;949;498;451;1029;537;492;1197;603;594;973;502;471;
0409043;"Strzelno (3)";12473;6167;6306;691;364;327;867;423;444;986;500;486;1217;664;553;944;503;441;
0409044;"Strzelno - miasto (4)";6214;3000;3214;342;189;153;406;197;209;507;255;252;589;320;269;462;237;225;
0409045;"Strzelno - obszar wiejski (5)";6259;3167;3092;349;175;174;461;226;235;479;245;234;628;344;284;482;266;216;
0410000;"Powiat nakielski";83618;41226;42392;5129;2613;2516;6358;3292;3066;7086;3579;3507;8040;4140;3900;6680;3423;3257;
0410013;"Kcynia (3)";13804;6927;6877;873;458;415;1114;599;515;1177;587;590;1302;668;634;1035;543;492;
0410014;"Kcynia - miasto (4)";4734;2302;2432;267;138;129;355;195;160;387;198;189;403;187;216;351;178;173;
0410015;"Kcynia - obszar wiejski (5)";9070;4625;4445;606;320;286;759;404;355;790;389;401;899;481;418;684;365;319;
0410023;"Mrocza (3)";8945;4474;4471;634;329;305;752;390;362;770;388;382;919;466;453;673;354;319;
0410024;"Mrocza - miasto (4)";4108;2033;2075;271;140;131;333;179;154;345;172;173;432;223;209;314;166;148;
0410025;"Mrocza - obszar wiejski (5)";4837;2441;2396;363;189;174;419;211;208;425;216;209;487;243;244;359;188;171;
0410033;"Nakło nad Notecią (3)";32029;15470;16559;1883;947;936;2235;1142;1093;2628;1321;1307;2970;1507;1463;2712;1323;1389;
0410034;"Nakło nad Notecią - miasto (4)";19708;9372;10336;1116;572;544;1213;616;597;1433;730;703;1673;856;817;1687;816;871;
0410035;"Nakło nad Notecią - obszar wiejski (5)";12321;6098;6223;767;375;392;1022;526;496;1195;591;604;1297;651;646;1025;507;518;
0410042;"Sadki (2)";7060;3563;3497;474;236;238;533;268;265;649;339;310;705;372;333;559;306;253;
0410053;"Szubin (3)";21780;10792;10988;1265;643;622;1724;893;831;1862;944;918;2144;1127;1017;1701;897;804;
0410054;"Szubin - miasto (4)";9265;4486;4779;482;255;227;662;346;316;758;383;375;920;483;437;723;373;350;
0410055;"Szubin - obszar wiejski (5)";12515;6306;6209;783;388;395;1062;547;515;1104;561;543;1224;644;580;978;524;454;
0411000;"Powiat radziejowski";43061;21197;21864;2388;1205;1183;3224;1611;1613;3578;1875;1703;3669;1895;1774;2946;1568;1378;
0411011;"Radziejów (1)";5949;2871;3078;290;135;155;378;195;183;495;274;221;527;297;230;401;201;200;
0411022;"Bytoń (2)";3869;1932;1937;211;108;103;274;140;134;320;163;157;305;178;127;272;148;124;
0411032;"Dobre (2)";5588;2730;2858;292;147;145;432;225;207;453;239;214;487;244;243;387;192;195;
0411042;"Osięciny (2)";8243;4019;4224;464;238;226;646;293;353;627;314;313;659;348;311;550;290;260;
0411053;"Piotrków Kujawski (3)";9787;4826;4961;568;292;276;766;392;374;885;448;437;813;390;423;637;345;292;
0411054;"Piotrków Kujawski - miasto (4)";4461;2150;2311;244;128;116;354;182;172;416;217;199;383;171;212;277;140;137;
0411055;"Piotrków Kujawski - obszar wiejski (5)";5326;2676;2650;324;164;160;412;210;202;469;231;238;430;219;211;360;205;155;
0411062;"Radziejów (2)";4479;2237;2242;269;138;131;334;174;160;358;204;154;400;190;210;313;190;123;
0411072;"Topólka (2)";5146;2582;2564;294;147;147;394;192;202;440;233;207;478;248;230;386;202;184;
0412000;"Powiat rypiński";44693;21920;22773;2669;1377;1292;3411;1760;1651;3807;1910;1897;3871;2014;1857;3329;1718;1611;
0412011;"Rypin (1)";16505;7850;8655;876;446;430;1177;615;562;1433;711;722;1524;765;759;1183;595;588;
0412022;"Brzuze (2)";5431;2670;2761;302;155;147;430;208;222;466;236;230;480;248;232;394;209;185;
0412032;"Rogowo (2)";4912;2461;2451;322;166;156;373;194;179;404;206;198;450;239;211;364;181;183;
0412042;"Rypin (2)";7373;3754;3619;471;250;221;595;316;279;616;325;291;614;326;288;596;315;281;
0412052;"Skrwilno (2)";6193;3071;3122;415;213;202;471;238;233;534;265;269;458;245;213;468;258;210;
0412062;"Wąpielsk (2)";4279;2114;2165;283;147;136;365;189;176;354;167;187;345;191;154;324;160;164;
0413000;"Powiat sępoleński";40698;20173;20525;2556;1301;1255;3060;1569;1491;3668;1935;1733;3933;2000;1933;3100;1608;1492;
0413013;"Kamień Krajeński (3)";6875;3438;3437;447;218;229;544;290;254;687;369;318;709;362;347;501;263;238;
0413014;"Kamień Krajeński - miasto (4)";2277;1107;1170;129;59;70;158;78;80;234;131;103;257;127;130;159;79;80;
0413015;"Kamień Krajeński - obszar wiejski (5)";4598;2331;2267;318;159;159;386;212;174;453;238;215;452;235;217;342;184;158;
0413023;"Sępólno Krajeńskie (3)";15684;7742;7942;944;478;466;1128;551;577;1361;708;653;1450;760;690;1227;646;581;
0413024;"Sępólno Krajeńskie - miasto (4)";9108;4406;4702;502;250;252;617;299;318;743;385;358;834;428;406;690;354;336;
0413025;"Sępólno Krajeńskie - obszar wiejski (5)";6576;3336;3240;442;228;214;511;252;259;618;323;295;616;332;284;537;292;245;
0413032;"Sośno (2)";5059;2561;2498;342;178;164;392;198;194;504;265;239;501;266;235;384;182;202;
0413043;"Więcbork (3)";13080;6432;6648;823;427;396;996;530;466;1116;593;523;1273;612;661;988;517;471;
0413044;"Więcbork - miasto (4)";5921;2781;3140;331;176;155;425;230;195;477;252;225;571;243;328;404;196;208;
0413045;"Więcbork - obszar wiejski (5)";7159;3651;3508;492;251;241;571;300;271;639;341;298;702;369;333;584;321;263;
0414000;"Powiat świecki";96851;47449;49402;5759;2893;2866;6958;3516;3442;7937;4052;3885;8872;4515;4357;7830;4009;3821;
0414012;"Bukowiec (2)";5120;2508;2612;337;159;178;392;185;207;423;206;217;513;248;265;448;232;216;
0414022;"Dragacz (2)";7087;3536;3551;404;193;211;514;256;258;595;315;280;685;348;337;623;329;294;
0414032;"Drzycim (2)";5041;2517;2524;325;166;159;422;210;212;444;213;231;461;232;229;391;204;187;
0414042;"Jeżewo (2)";7652;3846;3806;463;232;231;544;294;250;682;356;326;788;426;362;636;305;331;
0414052;"Lniano (2)";3989;1943;2046;265;136;129;335;147;188;366;177;189;321;157;164;310;171;139;
0414063;"Nowe (3)";10876;5358;5518;578;296;282;766;401;365;903;465;438;944;504;440;831;428;403;
0414064;"Nowe - miasto (4)";6487;3129;3358;320;167;153;421;210;211;493;262;231;547;295;252;499;262;237;
0414065;"Nowe - obszar wiejski (5)";4389;2229;2160;258;129;129;345;191;154;410;203;207;397;209;188;332;166;166;
0414072;"Osie (2)";5159;2565;2594;356;186;170;412;202;210;458;223;235;428;220;208;387;190;197;
0414082;"Pruszcz (2)";9198;4464;4734;585;317;268;679;344;335;777;408;369;856;419;437;683;347;336;
0414093;"Świecie (3)";32827;15762;17065;1788;887;901;2156;1098;1058;2390;1225;1165;2977;1515;1462;2748;1392;1356;
0414094;"Świecie - miasto (4)";25959;12401;13558;1344;656;688;1587;820;767;1800;918;882;2385;1236;1149;2231;1140;1091;
0414095;"Świecie - obszar wiejski (5)";6868;3361;3507;444;231;213;569;278;291;590;307;283;592;279;313;517;252;265;
0414102;"Świekatowo (2)";3403;1703;1700;251;121;130;265;132;133;301;152;149;280;137;143;249;137;112;
0414112;"Warlubie (2)";6499;3247;3252;407;200;207;473;247;226;598;312;286;619;309;310;524;274;250;
0415000;"Powiat toruński";81385;40107;41278;5277;2669;2608;6316;3204;3112;6943;3502;3441;7465;3831;3634;6803;3458;3345;
0415011;"Chełmża (1)";15312;7345;7967;881;440;441;1034;528;506;1198;599;599;1351;725;626;1234;614;620;
0415022;"Chełmża (2)";9412;4670;4742;623;313;310;693;341;352;804;427;377;812;425;387;817;418;399;
0415032;"Czernikowo (2)";7978;3908;4070;526;250;276;684;342;342;740;373;367;769;373;396;651;340;311;
0415042;"Lubicz (2)";14043;6961;7082;925;466;459;1118;547;571;1244;604;640;1329;696;633;1190;614;576;
0415052;"Łubianka (2)";5514;2741;2773;378;196;182;488;259;229;497;256;241;469;235;234;439;204;235;
0415062;"Łysomice (2)";7683;3809;3874;463;234;229;600;321;279;658;344;314;703;339;364;614;322;292;
0415072;"Obrowo (2)";8188;4122;4066;595;305;290;669;336;333;722;368;354;744;398;346;688;364;324;
0415082;"Wielka Nieszawka (2)";3378;1656;1722;207;118;89;245;122;123;239;116;123;350;168;182;263;126;137;
0415092;"Zławieś Wielka (2)";9877;4895;4982;679;347;332;785;408;377;841;415;426;938;472;466;907;456;451;
0416000;"Powiat tucholski";47012;23452;23560;2917;1467;1450;3485;1790;1695;4176;2135;2041;4780;2623;2157;3502;1807;1695;
0416012;"Cekcyn (2)";6364;3182;3182;372;180;192;499;256;243;596;296;300;640;339;301;456;246;210;
0416022;"Gostycyn (2)";5263;2641;2622;322;160;162;415;216;199;486;243;243;521;274;247;361;180;181;
0416032;"Kęsowo (2)";4435;2265;2170;289;161;128;368;188;180;448;223;225;434;221;213;331;181;150;
0416042;"Lubiewo (2)";5585;2829;2756;412;204;208;452;243;209;424;231;193;488;260;228;465;241;224;
0416052;"Śliwice (2)";5312;2655;2657;384;193;191;403;213;190;444;248;196;455;233;222;419;214;205;
0416063;"Tuchola (3)";20053;9880;10173;1138;569;569;1348;674;674;1778;894;884;2242;1296;946;1470;745;725;
0416064;"Tuchola - miasto (4)";14071;6880;7191;748;381;367;875;446;429;1216;622;594;1721;1027;694;1021;513;508;
0416065;"Tuchola - obszar wiejski (5)";5982;3000;2982;390;188;202;473;228;245;562;272;290;521;269;252;449;232;217;
0417000;"Powiat wąbrzeski";34802;17051;17751;2131;1072;1059;2642;1335;1307;2806;1395;1411;3007;1556;1451;2683;1406;1277;
0417011;"Wąbrzeźno (1)";13707;6496;7211;762;390;372;897;438;459;1017;483;534;1114;599;515;1044;523;521;
0417022;"Dębowa Łąka (2)";3332;1656;1676;259;133;126;290;146;144;294;140;154;218;124;94;238;120;118;
0417032;"Książki (2)";4253;2143;2110;244;131;113;347;177;170;346;179;167;351;178;173;336;187;149;
0417042;"Płużnica (2)";4985;2498;2487;310;148;162;405;215;190;430;225;205;460;235;225;406;209;197;
0417052;"Ryńsk (2)";8525;4258;4267;556;270;286;703;359;344;719;368;351;864;420;444;659;367;292;
0418000;"Powiat włocławski";85776;42522;43254;5032;2561;2471;6303;3238;3065;6847;3454;3393;6989;3651;3338;6222;3229;2993;
0418011;"Kowal (1)";3358;1674;1684;163;86;77;275;137;138;272;149;123;246;141;105;210;118;92;
0418022;"Baruchowo (2)";3545;1773;1772;217;104;113;262;134;128;280;141;139;252;134;118;291;142;149;
0418032;"Boniewo (2)";3684;1835;1849;243;127;116;269;136;133;299;133;166;275;137;138;238;123;115;
0418043;"Brześć Kujawski (3)";11081;5396;5685;628;304;324;832;431;401;896;429;467;875;500;375;765;393;372;
0418044;"Brześć Kujawski - miasto (4)";4603;2160;2443;238;109;129;338;164;174;373;177;196;352;198;154;305;148;157;
0418045;"Brześć Kujawski - obszar wiejski (5)";6478;3236;3242;390;195;195;494;267;227;523;252;271;523;302;221;460;245;215;
0418052;"Choceń (2)";8033;4028;4005;461;243;218;547;290;257;603;301;302;672;334;338;586;311;275;
0418063;"Chodecz (3)";6591;3249;3342;353;185;168;496;244;252;535;258;277;563;296;267;475;231;244;
0418064;"Chodecz - miasto (4)";1960;942;1018;72;36;36;135;68;67;169;88;81;170;93;77;142;69;73;
0418065;"Chodecz - obszar wiejski (5)";4631;2307;2324;281;149;132;361;176;185;366;170;196;393;203;190;333;162;171;
0418072;"Fabianki (2)";7944;3961;3983;502;269;233;598;314;284;663;332;331;699;363;336;634;330;304;
0418083;"Izbica Kujawska (3)";8084;3968;4116;498;237;261;623;307;316;627;311;316;729;360;369;609;310;299;
0418084;"Izbica Kujawska - miasto (4)";2848;1385;1463;166;74;92;215;119;96;222;113;109;291;152;139;201;103;98;
0418085;"Izbica Kujawska - obszar wiejski (5)";5236;2583;2653;332;163;169;408;188;220;405;198;207;438;208;230;408;207;201;
0418092;"Kowal (2)";4178;2117;2061;263;145;118;308;174;134;310;159;151;310;165;145;291;144;147;
0418102;"Lubanie (2)";4657;2339;2318;293;156;137;333;168;165;356;197;159;360;188;172;375;208;167;
0418113;"Lubień Kujawski (3)";7756;3891;3865;427;218;209;565;295;270;614;322;292;618;317;301;553;295;258;
0418114;"Lubień Kujawski - miasto (4)";1387;664;723;54;25;29;92;50;42;133;80;53;130;66;64;96;52;44;
0418115;"Lubień Kujawski - obszar wiejski (5)";6369;3227;3142;373;193;180;473;245;228;481;242;239;488;251;237;457;243;214;
0418123;"Lubraniec (3)";10375;5116;5259;583;284;299;726;368;358;855;458;397;837;424;413;734;384;350;
0418124;"Lubraniec - miasto (4)";3346;1568;1778;165;75;90;208;106;102;284;141;143;288;136;152;238;119;119;
0418125;"Lubraniec - obszar wiejski (5)";7029;3548;3481;418;209;209;518;262;256;571;317;254;549;288;261;496;265;231;
0418132;"Włocławek (2)";6490;3175;3315;401;203;198;469;240;229;537;264;273;553;292;261;461;240;221;
0419000;"Powiat żniński";69755;34461;35294;4076;2092;1984;4919;2497;2422;5674;2873;2801;6297;3300;2997;5683;2957;2726;
0419013;"Barcin (3)";15166;7503;7663;912;466;446;1029;544;485;1178;587;591;1291;662;629;1354;727;627;
0419014;"Barcin - miasto (4)";8135;3980;4155;477;233;244;494;260;234;520;264;256;667;335;332;801;425;376;
0419015;"Barcin - obszar wiejski (5)";7031;3523;3508;435;233;202;535;284;251;658;323;335;624;327;297;553;302;251;
0419022;"Gąsawa (2)";5151;2561;2590;314;161;153;397;194;203;426;203;223;463;281;182;383;190;193;
0419033;"Janowiec Wielkopolski (3)";9441;4695;4746;499;266;233;592;298;294;804;396;408;908;497;411;777;401;376;
0419034;"Janowiec Wielkopolski - miasto (4)";4224;2086;2138;187;105;82;226;117;109;311;166;145;414;224;190;369;192;177;
0419035;"Janowiec Wielkopolski - obszar wiejski (5)";5217;2609;2608;312;161;151;366;181;185;493;230;263;494;273;221;408;209;199;
0419043;"Łabiszyn (3)";9026;4549;4477;594;320;274;697;345;352;712;375;337;860;475;385;811;405;406;
0419044;"Łabiszyn - miasto (4)";4334;2156;2178;238;133;105;319;161;158;323;164;159;413;231;182;400;197;203;
0419045;"Łabiszyn - obszar wiejski (5)";4692;2393;2299;356;187;169;378;184;194;389;211;178;447;244;203;411;208;203;
0419052;"Rogowo (2)";6837;3376;3461;420;219;201;491;235;256;609;315;294;590;296;294;530;268;262;
0419063;"Żnin (3)";24134;11777;12357;1337;660;677;1713;881;832;1945;997;948;2185;1089;1096;1828;966;862;
0419064;"Żnin - miasto (4)";14130;6742;7388;720;358;362;950;485;465;1078;530;548;1227;612;615;1022;535;487;
0419065;"Żnin - obszar wiejski (5)";10004;5035;4969;617;302;315;763;396;367;867;467;400;958;477;481;806;431;375;
0461000;"Powiat m.Bydgoszcz";375676;176510;199166;16311;8515;7796;20324;10267;10057;24211;12324;11887;31909;15952;15957;33165;16194;16971;
0461011;"Bydgoszcz (1)";375676;176510;199166;16311;8515;7796;20324;10267;10057;24211;12324;11887;31909;15952;15957;33165;16194;16971;
0462000;"Powiat m.Grudziądz";100878;47939;52939;4791;2462;2329;5720;2874;2846;7443;3815;3628;9195;4695;4500;7884;4035;3849;
0462011;"Grudziądz (1)";100878;47939;52939;4791;2462;2329;5720;2874;2846;7443;3815;3628;9195;4695;4500;7884;4035;3849;
0463000;"Powiat m.Toruń";210194;98207;111987;9463;4814;4649;11295;5780;5515;13990;7166;6824;19937;9831;10106;20159;9733;10426;
0463011;"Toruń (1)";210194;98207;111987;9463;4814;4649;11295;5780;5515;13990;7166;6824;19937;9831;10106;20159;9733;10426;
0464000;"Powiat m.Włocławek";121833;57718;64115;5781;3054;2727;7033;3555;3478;8405;4237;4168;10314;5314;5000;9945;5026;4919;
0464011;"Włocławek (1)";121833;57718;64115;5781;3054;2727;7033;3555;3478;8405;4237;4168;10314;5314;5000;9945;5026;4919;
0600000;"LUBELSKIE";2206200;1072803;1133397;119709;61286;58423;148020;75794;72226;173870;89063;84807;197830;101829;96001;171869;88074;83795;
0601000;"Powiat bialski";116064;57420;58644;7345;3735;3610;8941;4494;4447;9801;4973;4828;9796;5138;4658;7753;4073;3680;
0601011;"Międzyrzec Podlaski (1)";17558;8478;9080;1044;549;495;1397;701;696;1561;812;749;1729;881;848;1191;630;561;
0601021;"Terespol (1)";6008;2914;3094;350;181;169;436;230;206;540;269;271;521;269;252;425;235;190;
0601032;"Biała Podlaska (2)";11585;5786;5799;831;445;386;985;472;513;975;525;450;983;500;483;831;451;380;
0601042;"Drelów (2)";5713;2880;2833;351;171;180;458;234;224;480;255;225;487;276;211;383;210;173;
0601052;"Janów Podlaski (2)";5728;2854;2874;340;170;170;405;208;197;481;255;226;555;272;283;397;206;191;
0601062;"Kodeń (2)";4337;2119;2218;245;112;133;286;140;146;365;180;185;344;198;146;293;163;130;
0601072;"Konstantynów (2)";4122;2032;2090;235;117;118;351;171;180;359;166;193;385;201;184;296;154;142;
0601082;"Leśna Podlaska (2)";4584;2298;2286;324;155;169;333;176;157;451;243;208;434;211;223;297;158;139;
0601092;"Łomazy (2)";5699;2825;2874;397;203;194;437;216;221;443;220;223;421;240;181;378;195;183;
0601102;"Międzyrzec Podlaski (2)";10336;5148;5188;760;383;377;924;461;463;909;432;477;836;446;390;693;341;352;
0601112;"Piszczac (2)";7637;3824;3813;514;255;259;616;303;313;634;303;331;653;360;293;535;290;245;
0601122;"Rokitno (2)";3473;1738;1735;209;106;103;241;125;116;266;133;133;274;135;139;212;114;98;
0601132;"Rossosz (2)";2486;1267;1219;152;78;74;201;107;94;204;105;99;185;105;80;152;83;69;
0601142;"Sławatycze (2)";2712;1341;1371;155;88;67;153;72;81;194;102;92;192;109;83;193;101;92;
0601152;"Sosnówka (2)";2984;1466;1518;157;81;76;186;86;100;234;114;120;209;116;93;160;74;86;
0601162;"Terespol (2)";7245;3561;3684;441;206;235;538;289;249;549;274;275;591;275;316;505;256;249;
0601172;"Tuczna (2)";3798;1874;1924;222;105;117;230;110;120;303;153;150;222;129;93;216;109;107;
0601182;"Wisznice (2)";5464;2689;2775;305;150;155;376;200;176;485;250;235;459;245;214;299;160;139;
0601192;"Zalesie (2)";4595;2326;2269;313;180;133;388;193;195;368;182;186;316;170;146;297;143;154;
0602000;"Powiat biłgorajski";105448;52139;53309;6185;3179;3006;7579;3867;3712;8849;4520;4329;9766;5283;4483;7733;4092;3641;
0602011;"Biłgoraj (1)";26403;12834;13569;1399;711;688;1640;846;794;2143;1075;1068;3258;1832;1426;2252;1182;1070;
0602022;"Aleksandrów (2)";3174;1594;1580;255;128;127;261;119;142;249;124;125;248;147;101;250;127;123;
0602032;"Biłgoraj (2)";12307;6117;6190;759;398;361;1000;493;507;1067;540;527;1142;595;547;963;517;446;
0602042;"Biszcza (2)";4080;1992;2088;220;112;108;276;124;152;392;195;197;370;189;181;328;174;154;
0602053;"Frampol (3)";6759;3376;3383;393;192;201;471;251;220;538;287;251;536;298;238;414;240;174;
0602054;"Frampol - miasto (4)";1462;722;740;77;48;29;99;60;39;127;65;62;126;70;56;86;52;34;
0602055;"Frampol - obszar wiejski (5)";5297;2654;2643;316;144;172;372;191;181;411;222;189;410;228;182;328;188;140;
0602062;"Goraj (2)";4582;2274;2308;261;128;133;341;178;163;357;192;165;333;193;140;263;145;118;
0602073;"Józefów (3)";7596;3762;3834;449;236;213;571;300;271;670;331;339;662;337;325;561;300;261;
0602074;"Józefów - miasto (4)";2602;1258;1344;146;74;72;188;93;95;222;103;119;257;126;131;210;115;95;
0602075;"Józefów - obszar wiejski (5)";4994;2504;2490;303;162;141;383;207;176;448;228;220;405;211;194;351;185;166;
0602082;"Księżpol (2)";6791;3452;3339;472;251;221;557;276;281;584;327;257;566;300;266;512;260;252;
0602092;"Łukowa (2)";4650;2301;2349;320;171;149;382;198;184;416;201;215;366;188;178;308;143;165;
0602102;"Obsza (2)";4493;2251;2242;278;143;135;372;196;176;387;189;198;397;211;186;317;156;161;
0602112;"Potok Górny (2)";5907;2958;2949;359;186;173;494;241;253;577;295;282;396;227;169;341;176;165;
0602123;"Tarnogród (3)";7081;3502;3579;419;217;202;476;253;223;618;320;298;706;347;359;538;294;244;
0602124;"Tarnogród - miasto (4)";3483;1665;1818;201;109;92;233;110;123;305;155;150;390;176;214;280;145;135;
0602125;"Tarnogród - obszar wiejski (5)";3598;1837;1761;218;108;110;243;143;100;313;165;148;316;171;145;258;149;109;
0602132;"Tereszpol (2)";4112;2111;2001;256;139;117;305;168;137;357;184;173;335;186;149;283;158;125;
0602142;"Turobin (2)";7513;3615;3898;345;167;178;433;224;209;494;260;234;451;233;218;403;220;183;
0603000;"Powiat chełmski";75034;37122;37912;4359;2242;2117;5528;2796;2732;6141;3182;2959;6568;3475;3093;5406;2887;2519;
0603011;"Rejowiec Fabryczny (1)";4620;2251;2369;250;138;112;332;180;152;419;207;212;425;226;199;302;163;139;
0603022;"Białopole (2)";3322;1693;1629;166;90;76;237;126;111;269;140;129;283;163;120;283;157;126;
0603032;"Chełm (2)";12166;5922;6244;734;375;359;947;483;464;988;523;465;1179;604;575;912;461;451;
0603042;"Dorohusk (2)";7267;3637;3630;396;208;188;494;242;252;590;299;291;591;341;250;554;297;257;
0603052;"Dubienka (2)";2895;1411;1484;125;64;61;190;98;92;243;123;120;264;136;128;156;87;69;
0603062;"Kamień (2)";4042;2030;2012;271;141;130;309;170;139;372;191;181;349;195;154;293;152;141;
0603072;"Leśniowice (2)";4211;2048;2163;230;119;111;292;138;154;325;171;154;362;178;184;273;155;118;
0603082;"Rejowiec Fabryczny (2)";4782;2281;2501;286;134;152;347;155;192;358;182;176;382;196;186;326;157;169;
0603092;"Ruda-Huta (2)";4935;2465;2470;286;155;131;369;188;181;356;187;169;391;208;183;382;210;172;
0603102;"Sawin (2)";5907;2941;2966;347;165;182;446;223;223;445;232;213;485;259;226;436;235;201;
0603112;"Siedliszcze (2)";7269;3627;3642;464;222;242;511;259;252;571;294;277;668;349;319;586;315;271;
0603122;"Wierzbica (2)";5544;2790;2754;331;172;159;447;229;218;546;284;262;530;279;251;394;223;171;
0603132;"Wojsławice (2)";4544;2278;2266;242;140;102;338;176;162;337;183;154;347;180;167;262;146;116;
0603142;"Żmudź (2)";3530;1748;1782;231;119;112;269;129;140;322;166;156;312;161;151;247;129;118;
0604000;"Powiat hrubieszowski";71650;35244;36406;3952;2024;1928;4962;2533;2429;5696;2933;2763;6204;3298;2906;4697;2536;2161;
0604011;"Hrubieszów (1)";19159;9140;10019;1003;507;496;1205;591;614;1496;785;711;1939;1013;926;1391;716;675;
0604022;"Dołhobyczów (2)";6358;3141;3217;360;186;174;453;235;218;528;245;283;448;237;211;419;231;188;
0604032;"Horodło (2)";5927;2908;3019;300;153;147;446;245;201;468;236;232;473;260;213;331;172;159;
0604042;"Hrubieszów (2)";11240;5655;5585;698;347;351;851;452;399;851;444;407;944;507;437;758;399;359;
0604052;"Mircze (2)";8210;4098;4112;444;233;211;547;266;281;626;323;303;584;326;258;452;268;184;
0604062;"Trzeszczany (2)";4909;2399;2510;253;134;119;310;155;155;396;196;200;442;235;207;318;169;149;
0604072;"Uchanie (2)";5318;2669;2649;282;148;134;354;180;174;392;199;193;417;218;199;346;197;149;
0604082;"Werbkowice (2)";10529;5234;5295;612;316;296;796;409;387;939;505;434;957;502;455;682;384;298;
0605000;"Powiat janowski";49012;24363;24649;2966;1520;1446;3617;1842;1775;3824;1984;1840;4002;2103;1899;3410;1805;1605;
0605012;"Batorz (2)";3616;1814;1802;224;115;109;293;149;144;272;143;129;178;115;63;213;124;89;
0605022;"Chrzanów (2)";3402;1667;1735;208;106;102;248;114;134;230;108;122;223;114;109;240;132;108;
0605032;"Dzwola (2)";6812;3391;3421;387;189;198;490;255;235;500;248;252;527;277;250;459;229;230;
0605042;"Godziszów (2)";6549;3304;3245;442;237;205;502;270;232;446;229;217;491;252;239;453;241;212;
0605053;"Janów Lubelski (3)";16161;7971;8190;934;486;448;1181;584;597;1410;756;654;1609;834;775;1149;605;544;
0605054;"Janów Lubelski - miasto (4)";11954;5836;6118;684;374;310;834;402;432;1050;571;479;1261;637;624;876;454;422;
0605055;"Janów Lubelski - obszar wiejski (5)";4207;2135;2072;250;112;138;347;182;165;360;185;175;348;197;151;273;151;122;
0605062;"Modliborzyce (2)";7417;3690;3727;435;216;219;519;272;247;592;318;274;567;298;269;524;283;241;
0605072;"Potok Wielki (2)";5055;2526;2529;336;171;165;384;198;186;374;182;192;407;213;194;372;191;181;
0606000;"Powiat krasnostawski";79162;38430;40732;3948;2027;1921;5081;2640;2441;5739;2895;2844;6556;3353;3203;5325;2769;2556;
0606011;"Krasnystaw (1)";19891;9427;10464;977;499;478;1215;597;618;1518;763;755;1970;1009;961;1450;733;717;
0606022;"Fajsławice (2)";5195;2554;2641;254;140;114;374;198;176;377;179;198;385;190;195;361;196;165;
0606032;"Gorzków (2)";4376;2077;2299;170;88;82;246;121;125;288;147;141;318;173;145;236;117;119;
0606042;"Izbica (2)";9396;4614;4782;491;240;251;605;318;287;665;324;341;804;396;408;654;350;304;
0606052;"Krasnystaw (2)";9241;4588;4653;529;289;240;634;331;303;721;380;341;783;408;375;689;345;344;
0606062;"Kraśniczyn (2)";4537;2214;2323;183;94;89;245;142;103;298;152;146;300;163;137;239;124;115;
0606072;"Łopiennik Górny (2)";4611;2283;2328;257;132;125;285;152;133;325;170;155;337;180;157;300;161;139;
0606082;"Rejowiec (2)";7106;3481;3625;375;181;194;475;246;229;519;268;251;609;308;301;517;270;247;
0606092;"Rudnik (2)";3705;1824;1881;179;96;83;223;123;100;240;120;120;255;128;127;239;130;109;
0606102;"Siennica Różana (2)";4501;2185;2316;242;115;127;358;187;171;361;180;181;336;173;163;266;139;127;
0606112;"Żółkiewka (2)";6603;3183;3420;291;153;138;421;225;196;427;212;215;459;225;234;374;204;170;
0607000;"Powiat kraśnicki";101415;49559;51856;5518;2865;2653;6666;3491;3175;7761;3957;3804;8690;4388;4302;7615;3974;3641;
0607011;"Kraśnik (1)";36823;17603;19220;1810;959;851;2119;1128;991;2637;1322;1315;3462;1730;1732;2983;1528;1455;
0607023;"Annopol (3)";9554;4718;4836;538;271;267;712;347;365;788;408;380;763;384;379;639;346;293;
0607024;"Annopol - miasto (4)";2724;1352;1372;153;82;71;199;101;98;265;137;128;297;153;144;234;126;108;
0607025;"Annopol - obszar wiejski (5)";6830;3366;3464;385;189;196;513;246;267;523;271;252;466;231;235;405;220;185;
0607032;"Dzierzkowice (2)";5365;2694;2671;302;171;131;370;199;171;444;232;212;462;237;225;370;193;177;
0607042;"Gościeradów (2)";7492;3702;3790;453;241;212;548;283;265;597;278;319;624;307;317;542;283;259;
0607052;"Kraśnik (2)";6977;3409;3568;421;220;201;496;242;254;611;313;298;599;305;294;519;259;260;
0607062;"Szastarka (2)";6377;3147;3230;363;185;178;479;242;237;487;247;240;502;263;239;428;226;202;
0607072;"Trzydnik Duży (2)";7088;3584;3504;387;218;169;473;255;218;553;307;246;534;257;277;537;292;245;
0607082;"Urzędów (2)";8885;4388;4497;534;264;270;613;338;275;648;340;308;714;369;345;686;370;316;
0607092;"Wilkołaz (2)";5585;2790;2795;347;164;183;360;196;164;438;245;193;438;232;206;414;230;184;
0607102;"Zakrzówek (2)";7269;3524;3745;363;172;191;496;261;235;558;265;293;592;304;288;497;247;250;
0608000;"Powiat lubartowski";91538;44903;46635;5171;2613;2558;6437;3311;3126;7247;3672;3575;7929;4118;3811;7122;3695;3427;
0608011;"Lubartów (1)";23132;11022;12110;1120;553;567;1349;695;654;1837;969;868;2490;1300;1190;2252;1086;1166;
0608022;"Abramów (2)";4480;2287;2193;282;144;138;339;185;154;344;194;150;305;170;135;324;164;160;
0608032;"Firlej (2)";6337;3157;3180;372;196;176;482;249;233;484;245;239;476;239;237;421;231;190;
0608042;"Jeziorzany (2)";3083;1489;1594;176;76;100;232;115;117;247;127;120;198;98;100;194;99;95;
0608052;"Kamionka (2)";6515;3215;3300;365;178;187;489;265;224;483;231;252;524;278;246;485;261;224;
0608063;"Kock (3)";6948;3479;3469;415;218;197;491;245;246;622;317;305;620;325;295;490;270;220;
0608064;"Kock - miasto (4)";3582;1768;1814;208;109;99;254;138;116;334;174;160;351;186;165;241;127;114;
0608065;"Kock - obszar wiejski (5)";3366;1711;1655;207;109;98;237;107;130;288;143;145;269;139;130;249;143;106;
0608072;"Lubartów (2)";9700;4717;4983;603;305;298;720;375;345;835;410;425;801;388;413;705;380;325;
0608082;"Michów (2)";6645;3271;3374;346;181;165;504;241;263;531;261;270;491;255;236;411;204;207;
0608092;"Niedźwiada (2)";6384;3191;3193;402;195;207;509;274;235;484;233;251;487;242;245;499;274;225;
0608103;"Ostrów Lubelski (3)";5698;2830;2868;328;183;145;383;191;192;416;207;209;525;298;227;416;223;193;
0608104;"Ostrów Lubelski - miasto (4)";2250;1121;1129;105;63;42;134;63;71;187;95;92;267;167;100;168;95;73;
0608105;"Ostrów Lubelski - obszar wiejski (5)";3448;1709;1739;223;120;103;249;128;121;229;112;117;258;131;127;248;128;120;
0608112;"Ostrówek (2)";4244;2058;2186;279;132;147;276;148;128;290;132;158;314;153;161;340;197;143;
0608122;"Serniki (2)";4897;2455;2442;303;169;134;399;192;207;406;207;199;411;215;196;333;169;164;
0608132;"Uścimów (2)";3475;1732;1743;180;83;97;264;136;128;268;139;129;287;157;130;252;137;115;
0609000;"Powiat lubelski";135685;66548;69137;7986;4125;3861;9638;4890;4748;10547;5444;5103;11442;5973;5469;10395;5335;5060;
0609013;"Bełżyce (3)";13920;6760;7160;827;429;398;1020;510;510;1278;669;609;1283;661;622;1087;550;537;
0609014;"Bełżyce - miasto (4)";7157;3470;3687;408;211;197;495;236;259;671;337;334;726;385;341;631;326;305;
0609015;"Bełżyce - obszar wiejski (5)";6763;3290;3473;419;218;201;525;274;251;607;332;275;557;276;281;456;224;232;
0609022;"Borzechów (2)";4018;2002;2016;259;130;129;335;173;162;308;165;143;298;157;141;286;142;144;
0609033;"Bychawa (3)";12506;6137;6369;769;394;375;913;474;439;984;519;465;1024;566;458;860;430;430;
0609034;"Bychawa - miasto (4)";5378;2598;2780;333;168;165;414;220;194;407;219;188;450;246;204;415;226;189;
0609035;"Bychawa - obszar wiejski (5)";7128;3539;3589;436;226;210;499;254;245;577;300;277;574;320;254;445;204;241;
0609042;"Garbów (2)";9069;4456;4613;515;271;244;714;362;352;769;408;361;786;399;387;691;359;332;
0609052;"Głusk (2)";6388;3104;3284;352;179;173;459;254;205;521;269;252;524;266;258;544;273;271;
0609062;"Jabłonna (2)";7480;3652;3828;402;217;185;504;245;259;533;268;265;586;309;277;601;323;278;
0609072;"Jastków (2)";11250;5528;5722;729;385;344;860;430;430;928;460;468;984;500;484;903;459;444;
0609082;"Konopnica (2)";9896;4808;5088;541;287;254;705;339;366;663;358;305;838;440;398;765;380;385;
0609092;"Krzczonów (2)";5209;2543;2666;248;123;125;269;128;141;332;172;160;332;183;149;336;179;157;
0609102;"Niedrzwica Duża (2)";10802;5259;5543;667;339;328;790;405;385;864;422;442;922;459;463;899;443;456;
0609112;"Niemce (2)";15321;7606;7715;958;484;474;1137;578;559;1276;676;600;1383;722;661;1181;622;559;
0609122;"Strzyżewice (2)";7508;3752;3756;411;206;205;477;238;239;503;252;251;796;460;336;635;338;297;
0609132;"Wojciechów (2)";5869;2844;3025;312;159;153;373;173;200;441;226;215;440;229;211;434;230;204;
0609142;"Wólka (2)";7526;3755;3771;500;268;232;556;294;262;609;317;292;644;335;309;609;302;307;
0609152;"Wysokie (2)";5491;2664;2827;314;154;160;324;180;144;296;144;152;373;167;206;360;201;159;
0609162;"Zakrzew (2)";3432;1678;1754;182;100;82;202;107;95;242;119;123;229;120;109;204;104;100;
0610000;"Powiat łęczyński";57094;28240;28854;3266;1662;1604;4364;2298;2066;5592;2862;2730;5845;2999;2846;4524;2332;2192;
0610012;"Cyców (2)";7371;3656;3715;479;243;236;624;337;287;693;333;360;645;310;335;579;299;280;
0610022;"Ludwin (2)";4846;2471;2375;310;166;144;382;207;175;385;205;180;448;241;207;392;200;192;
0610033;"Łęczna (3)";25525;12584;12941;1390;703;687;1975;1015;960;3090;1563;1527;3085;1584;1501;2030;1059;971;
0610034;"Łęczna - miasto (4)";22163;10949;11214;1185;605;580;1742;897;845;2803;1427;1376;2836;1463;1373;1761;914;847;
0610035;"Łęczna - obszar wiejski (5)";3362;1635;1727;205;98;107;233;118;115;287;136;151;249;121;128;269;145;124;
0610042;"Milejów (2)";9276;4570;4706;493;271;222;652;343;309;662;360;302;730;397;333;700;346;354;
0610052;"Puchaczów (2)";4735;2311;2424;289;132;157;349;188;161;344;180;164;357;177;180;402;205;197;
0610062;"Spiczyn (2)";5341;2648;2693;305;147;158;382;208;174;418;221;197;580;290;290;421;223;198;
0611000;"Powiat łukowski";109445;54550;54895;7211;3701;3510;8580;4405;4175;10138;5203;4935;10321;5344;4977;8236;4402;3834;
0611011;"Łuków (1)";30899;14903;15996;1807;961;846;2028;1019;1009;2772;1397;1375;3340;1684;1656;2619;1370;1249;
0611021;"Stoczek Łukowski (1)";2677;1305;1372;155;75;80;189;94;95;212;117;95;246;130;116;213;121;92;
0611032;"Adamów (2)";5823;2884;2939;377;184;193;484;258;226;575;307;268;548;294;254;363;192;171;
0611042;"Krzywda (2)";10535;5302;5233;763;390;373;898;473;425;1013;533;480;1016;516;500;786;413;373;
0611052;"Łuków (2)";16031;8144;7887;1151;616;535;1395;735;660;1566;771;795;1533;752;781;1257;665;592;
0611062;"Serokomla (2)";4287;2111;2176;271;138;133;340;171;169;404;202;202;314;169;145;267;139;128;
0611072;"Stanin (2)";9874;4977;4897;735;369;366;840;431;409;944;482;462;859;436;423;697;372;325;
0611082;"Stoczek Łukowski (2)";8878;4535;4343;566;276;290;702;351;351;770;405;365;749;419;330;621;347;274;
0611092;"Trzebieszów (2)";7696;3918;3778;560;274;286;718;376;342;722;381;341;626;334;292;511;293;218;
0611102;"Wojcieszków (2)";7178;3673;3505;466;239;227;533;273;260;665;345;320;657;371;286;538;297;241;
0611112;"Wola Mysłowska (2)";5567;2798;2769;360;179;181;453;224;229;495;263;232;433;239;194;364;193;171;
0612000;"Powiat opolski";64408;31566;32842;3515;1788;1727;4538;2345;2193;5076;2554;2522;5243;2698;2545;4771;2503;2268;
0612012;"Chodel (2)";6795;3396;3399;402;208;194;511;271;240;592;294;298;580;290;290;550;304;246;
0612022;"Józefów nad Wisłą (2)";7204;3527;3677;368;180;188;521;267;254;523;244;279;478;258;220;500;240;260;
0612032;"Karczmiska (2)";6441;3239;3202;344;192;152;456;231;225;479;238;241;539;299;240;467;249;218;
0612042;"Łaziska (2)";4992;2450;2542;266;137;129;374;200;174;348;186;162;337;159;178;331;171;160;
0612053;"Opole Lubelskie (3)";18310;8859;9451;1042;518;524;1315;684;631;1459;731;728;1577;783;794;1329;703;626;
0612054;"Opole Lubelskie - miasto (4)";9026;4276;4750;454;225;229;636;338;298;710;357;353;779;378;401;691;365;326;
0612055;"Opole Lubelskie - obszar wiejski (5)";9284;4583;4701;588;293;295;679;346;333;749;374;375;798;405;393;638;338;300;
0612063;"Poniatowa (3)";15604;7558;8046;805;401;404;1032;530;502;1307;666;641;1419;748;671;1242;633;609;
0612064;"Poniatowa - miasto (4)";10300;4932;5368;509;241;268;659;337;322;874;447;427;1001;544;457;821;423;398;
0612065;"Poniatowa - obszar wiejski (5)";5304;2626;2678;296;160;136;373;193;180;433;219;214;418;204;214;421;210;211;
0612072;"Wilków (2)";5062;2537;2525;288;152;136;329;162;167;368;195;173;313;161;152;352;203;149;
0613000;"Powiat parczewski";37828;18636;19192;2130;1108;1022;2598;1322;1276;3285;1673;1612;3485;1845;1640;2541;1342;1199;
0613012;"Dębowa Kłoda (2)";4149;2040;2109;244;125;119;288;138;150;358;185;173;322;168;154;275;132;143;
0613022;"Jabłoń (2)";4383;2180;2203;262;139;123;296;160;136;380;203;177;485;235;250;260;141;119;
0613032;"Milanów (2)";4264;2120;2144;245;116;129;275;147;128;374;177;197;401;211;190;270;145;125;
0613043;"Parczew (3)";15171;7404;7767;833;448;385;1076;547;529;1345;677;668;1518;811;707;1117;576;541;
0613044;"Parczew - miasto (4)";10471;5021;5450;549;286;263;702;350;352;910;465;445;1117;589;528;826;409;417;
0613045;"Parczew - obszar wiejski (5)";4700;2383;2317;284;162;122;374;197;177;435;212;223;401;222;179;291;167;124;
0613052;"Podedwórze (2)";2040;988;1052;113;53;60;130;72;58;165;70;95;142;81;61;111;57;54;
0613062;"Siemień (2)";5020;2507;2513;296;153;143;340;166;174;372;199;173;411;223;188;339;191;148;
0613072;"Sosnowica (2)";2801;1397;1404;137;74;63;193;92;101;291;162;129;206;116;90;169;100;69;
0614000;"Powiat puławski";118633;57104;61529;6150;3180;2970;7541;3915;3626;8662;4441;4221;10084;4996;5088;8139;4144;3995;
0614011;"Puławy (1)";50784;24000;26784;2426;1264;1162;2920;1519;1401;3486;1775;1711;4397;2229;2168;3495;1727;1768;
0614022;"Baranów (2)";4358;2121;2237;241;119;122;311;144;167;347;183;164;334;164;170;278;138;140;
0614032;"Janowiec (2)";3612;1806;1806;221;109;112;247;137;110;275;143;132;300;156;144;295;147;148;
0614043;"Kazimierz Dolny (3)";7107;3455;3652;377;188;189;476;251;225;516;271;245;520;269;251;442;224;218;
0614044;"Kazimierz Dolny - miasto (4)";3716;1765;1951;210;104;106;248;121;127;263;133;130;255;131;124;232;112;120;
0614045;"Kazimierz Dolny - obszar wiejski (5)";3391;1690;1701;167;84;83;228;130;98;253;138;115;265;138;127;210;112;98;
0614052;"Końskowola (2)";9040;4475;4565;471;250;221;640;346;294;692;355;337;708;380;328;593;309;284;
0614062;"Kurów (2)";8120;3965;4155;417;226;191;512;273;239;619;318;301;711;315;396;582;316;266;
0614072;"Markuszów (2)";3059;1521;1538;157;91;66;214;115;99;253;122;131;227;114;113;234;126;108;
0614083;"Nałęczów (3)";9902;4596;5306;529;269;260;624;322;302;737;372;365;1050;427;623;673;345;328;
0614084;"Nałęczów - miasto (4)";4648;2070;2578;210;110;100;245;135;110;296;140;156;661;237;424;295;156;139;
0614085;"Nałęczów - obszar wiejski (5)";5254;2526;2728;319;159;160;379;187;192;441;232;209;389;190;199;378;189;189;
0614092;"Puławy (2)";11038;5420;5618;662;318;344;780;382;398;837;437;400;868;445;423;701;360;341;
0614102;"Wąwolnica (2)";4976;2448;2528;279;143;136;320;164;156;354;180;174;413;220;193;377;203;174;
0614112;"Żyrzyn (2)";6637;3297;3340;370;203;167;497;262;235;546;285;261;556;277;279;469;249;220;
0615000;"Powiat radzyński";62466;31193;31273;3845;1979;1866;4657;2400;2257;5464;2836;2628;5472;2902;2570;4400;2402;1998;
0615011;"Radzyń Podlaski (1)";16284;7872;8412;915;486;429;1092;549;543;1424;724;700;1714;949;765;1192;596;596;
0615022;"Borki (2)";6205;3138;3067;420;218;202;457;232;225;514;245;269;535;290;245;474;259;215;
0615032;"Czemierniki (2)";4761;2380;2381;276;145;131;346;189;157;413;206;207;337;184;153;326;187;139;
0615042;"Kąkolewnica (2)";8593;4353;4240;562;289;273;720;371;349;796;425;371;736;366;370;631;373;258;
0615052;"Komarówka Podlaska (2)";4936;2495;2441;241;119;122;342;184;158;406;224;182;402;207;195;255;148;107;
0615062;"Radzyń Podlaski (2)";7988;4016;3972;551;272;279;630;317;313;730;388;342;660;353;307;589;306;283;
0615072;"Ulan-Majorat (2)";6163;3139;3024;450;246;204;554;288;266;579;315;264;518;272;246;388;224;164;
0615082;"Wohyń (2)";7536;3800;3736;430;204;226;516;270;246;602;309;293;570;281;289;545;309;236;
0616000;"Powiat rycki";61565;30873;30692;3419;1824;1595;4341;2232;2109;5222;2728;2494;6317;3534;2783;4361;2406;1955;
0616011;"Dęblin (1)";19452;9900;9552;971;547;424;1268;650;618;1663;881;782;2317;1438;879;1455;819;636;
0616022;"Kłoczew (2)";7528;3812;3716;480;259;221;645;307;338;671;341;330;674;352;322;474;274;200;
0616032;"Nowodwór (2)";4347;2230;2117;298;169;129;371;188;183;373;199;174;408;225;183;338;180;158;
0616043;"Ryki (3)";20693;10239;10454;1141;576;565;1445;763;682;1713;906;807;2028;1079;949;1535;839;696;
0616044;"Ryki - miasto (4)";9864;4778;5086;475;247;228;581;310;271;749;383;366;1030;538;492;780;422;358;
0616045;"Ryki - obszar wiejski (5)";10829;5461;5368;666;329;337;864;453;411;964;523;441;998;541;457;755;417;338;
0616052;"Stężyca (2)";5692;2804;2888;327;168;159;397;212;185;463;231;232;441;230;211;359;187;172;
0616062;"Ułęż (2)";3853;1888;1965;202;105;97;215;112;103;339;170;169;449;210;239;200;107;93;
0617000;"Powiat świdnicki";72533;35205;37328;3633;1839;1794;4270;2152;2118;5254;2754;2500;6161;3140;3021;5917;3029;2888;
0617011;"Świdnik (1)";40253;19524;20729;1871;976;895;2159;1108;1051;2846;1491;1355;3671;1893;1778;3455;1733;1722;
0617022;"Mełgiew (2)";7729;3757;3972;420;201;219;512;233;279;620;300;320;617;296;321;590;304;286;
0617033;"Piaski (3)";10950;5303;5647;576;277;299;705;349;356;798;435;363;816;420;396;839;445;394;
0617034;"Piaski - miasto (4)";2717;1235;1482;150;84;66;155;69;86;183;104;79;201;90;111;208;93;115;
0617035;"Piaski - obszar wiejski (5)";8233;4068;4165;426;193;233;550;280;270;615;331;284;615;330;285;631;352;279;
0617042;"Rybczewice (2)";4202;1996;2206;184;86;98;247;125;122;269;138;131;268;130;138;277;154;123;
0617052;"Trawniki (2)";9399;4625;4774;582;299;283;647;337;310;721;390;331;789;401;388;756;393;363;
0618000;"Powiat tomaszowski";90892;44855;46037;5057;2533;2524;6653;3414;3239;7543;3882;3661;8181;4310;3871;6164;3295;2869;
0618011;"Tomaszów Lubelski (1)";20407;9779;10628;1001;495;506;1380;724;656;1778;922;856;2251;1201;1050;1367;712;655;
0618022;"Bełżec (2)";3009;1524;1485;164;79;85;208;111;97;259;130;129;297;155;142;249;137;112;
0618032;"Jarczów (2)";3842;1913;1929;224;114;110;285;137;148;251;143;108;261;143;118;236;120;116;
0618042;"Krynice (2)";3837;1895;1942;209;103;106;246;129;117;281;142;139;273;145;128;249;126;123;
0618052;"Lubycza Królewska (2)";7419;3732;3687;438;217;221;593;301;292;662;339;323;849;456;393;573;320;253;
0618062;"Łaszczów (2)";6779;3303;3476;361;189;172;472;235;237;528;251;277;514;245;269;453;244;209;
0618072;"Rachanie (2)";6011;2997;3014;325;183;142;424;217;207;479;243;236;508;262;246;365;186;179;
0618082;"Susiec (2)";7983;4011;3972;440;222;218;589;298;291;659;337;322;676;343;333;551;297;254;
0618092;"Tarnawatka (2)";4118;2057;2061;264;134;130;335;176;159;328;153;175;335;182;153;297;160;137;
0618102;"Telatyn (2)";4572;2273;2299;250;116;134;361;193;168;402;217;185;309;154;155;286;165;121;
0618112;"Tomaszów Lubelski (2)";10887;5434;5453;700;344;356;843;424;419;938;503;435;931;488;443;731;392;339;
0618123;"Tyszowce (3)";6580;3231;3349;379;192;187;471;248;223;472;241;231;576;304;272;429;237;192;
0618124;"Tyszowce - miasto (4)";2366;1165;1201;142;74;68;180;95;85;204;109;95;253;145;108;134;71;63;
0618125;"Tyszowce - obszar wiejski (5)";4214;2066;2148;237;118;119;291;153;138;268;132;136;323;159;164;295;166;129;
0618132;"Ulhówek (2)";5448;2706;2742;302;145;157;446;221;225;506;261;245;401;232;169;378;199;179;
0619000;"Powiat włodawski";41206;20352;20854;2230;1129;1101;2891;1468;1423;3593;1821;1772;3824;2047;1777;2792;1519;1273;
0619011;"Włodawa (1)";13907;6768;7139;693;347;346;876;479;397;1219;623;596;1448;782;666;1050;565;485;
0619022;"Hanna (2)";3468;1756;1712;171;94;77;250;130;120;280;145;135;256;147;109;181;109;72;
0619032;"Hańsk (2)";3973;2014;1959;261;142;119;291;149;142;365;185;180;353;182;171;286;160;126;
0619042;"Stary Brus (2)";2303;1143;1160;130;64;66;166;75;91;205;101;104;223;133;90;132;73;59;
0619052;"Urszulin (2)";4214;2130;2084;259;131;128;328;167;161;381;187;194;318;167;151;299;161;138;
0619062;"Włodawa (2)";5979;2938;3041;328;158;170;450;224;226;520;269;251;591;292;299;382;199;183;
0619072;"Wola Uhruska (2)";4382;2136;2246;225;119;106;294;134;160;353;177;176;378;201;177;282;150;132;
0619082;"Wyryki (2)";2980;1467;1513;163;74;89;236;110;126;270;134;136;257;143;114;180;102;78;
0620000;"Powiat zamojski";112142;55134;57008;6355;3235;3120;8107;4151;3956;9119;4571;4548;9145;4733;4412;7262;3821;3441;
0620012;"Adamów (2)";5291;2613;2678;328;164;164;336;176;160;389;207;182;447;237;210;407;208;199;
0620022;"Grabowiec (2)";4999;2478;2521;253;123;130;341;180;161;351;193;158;378;178;200;314;166;148;
0620032;"Komarów-Osada (2)";5703;2850;2853;292;152;140;416;215;201;501;252;249;437;245;192;369;211;158;
0620043;"Krasnobród (3)";7320;3697;3623;475;234;241;543;286;257;624;334;290;561;280;281;500;271;229;
0620044;"Krasnobród - miasto (4)";2963;1454;1509;171;82;89;192;103;89;299;163;136;265;133;132;200;100;100;
0620045;"Krasnobród - obszar wiejski (5)";4357;2243;2114;304;152;152;351;183;168;325;171;154;296;147;149;300;171;129;
0620052;"Łabunie (2)";6277;3047;3230;422;204;218;507;234;273;569;297;272;553;261;292;367;177;190;
0620062;"Miączyn (2)";6530;3173;3357;401;215;186;498;226;272;552;250;302;524;250;274;409;217;192;
0620072;"Nielisz (2)";6316;3109;3207;359;197;162;429;239;190;457;229;228;460;247;213;411;240;171;
0620082;"Radecznica (2)";6754;3353;3401;319;158;161;407;200;207;479;248;231;453;239;214;364;202;162;
0620092;"Sitno (2)";6720;3343;3377;364;183;181;535;264;271;634;318;316;601;310;291;447;261;186;
0620102;"Skierbieszów (2)";5857;2924;2933;322;163;159;369;191;178;433;226;207;408;221;187;369;190;179;
0620112;"Stary Zamość (2)";5622;2796;2826;309;156;153;409;216;193;410;210;200;435;226;209;350;176;174;
0620122;"Sułów (2)";5476;2626;2850;274;145;129;370;192;178;365;191;174;384;215;169;309;155;154;
0620133;"Szczebrzeszyn (3)";12446;5995;6451;696;367;329;873;461;412;1022;503;519;1098;565;533;799;395;404;
0620134;"Szczebrzeszyn - miasto (4)";5475;2566;2909;301;153;148;374;205;169;484;238;246;580;276;304;356;175;181;
0620135;"Szczebrzeszyn - obszar wiejski (5)";6971;3429;3542;395;214;181;499;256;243;538;265;273;518;289;229;443;220;223;
0620142;"Zamość (2)";19511;9557;9954;1215;606;609;1570;810;760;1741;825;916;1716;877;839;1406;720;686;
0620153;"Zwierzyniec (3)";7320;3573;3747;326;168;158;504;261;243;592;288;304;690;382;308;441;232;209;
0620154;"Zwierzyniec - miasto (4)";3338;1596;1742;148;67;81;224;108;116;292;144;148;371;208;163;207;106;101;
0620155;"Zwierzyniec - obszar wiejski (5)";3982;1977;2005;178;101;77;280;153;127;300;144;156;319;174;145;234;126;108;
0661000;"Powiat m.Biała Podlaska";57901;27914;29987;3227;1658;1569;3950;1954;1996;5248;2880;2368;5933;2942;2991;4701;2390;2311;
0661011;"Biała Podlaska (1)";57901;27914;29987;3227;1658;1569;3950;1954;1996;5248;2880;2368;5933;2942;2991;4701;2390;2311;
0662000;"Powiat m.Chełm";69012;32847;36165;3074;1588;1486;4203;2178;2025;5672;2889;2783;6852;3566;3286;5268;2652;2616;
0662011;"Chełm (1)";69012;32847;36165;3074;1588;1486;4203;2178;2025;5672;2889;2783;6852;3566;3286;5268;2652;2616;
0663000;"Powiat m.Lublin";358933;166644;192289;15853;8050;7803;18445;9413;9032;22665;11507;11158;33085;16079;17006;38273;18104;20169;
0663011;"Lublin (1)";358933;166644;192289;15853;8050;7803;18445;9413;9032;22665;11507;11158;33085;16079;17006;38273;18104;20169;
0664000;"Powiat m.Zamość";67134;31962;35172;3314;1682;1632;4433;2283;2150;5732;2902;2830;6929;3565;3364;5064;2567;2497;
0664011;"Zamość (1)";67134;31962;35172;3314;1682;1632;4433;2283;2150;5732;2902;2830;6929;3565;3364;5064;2567;2497;
0800000;"LUBUSKIE";1008472;490259;518213;53544;27636;25908;65932;33488;32444;79444;40407;39037;94029;47878;46151;85281;43322;41959;
0801000;"Powiat gorzowski";62450;30815;31635;3629;1854;1775;4617;2350;2267;5190;2620;2570;5871;2950;2921;5106;2673;2433;
0801011;"Kostrzyn nad Odrą (1)";17106;8321;8785;981;495;486;1093;579;514;1363;700;663;1651;801;850;1389;737;652;
0801022;"Bogdaniec (2)";6283;3150;3133;365;195;170;454;223;231;530;263;267;615;322;293;549;296;253;
0801032;"Deszczno (2)";7082;3538;3544;416;199;217;562;308;254;557;266;291;631;317;314;631;325;306;
0801042;"Kłodawa (2)";5303;2657;2646;296;156;140;376;194;182;445;233;212;518;273;245;429;210;219;
0801052;"Lubiszyn (2)";6525;3337;3188;400;213;187;470;250;220;547;286;261;604;318;286;481;278;203;
0801062;"Santok (2)";7303;3586;3717;411;204;207;616;288;328;660;327;333;712;373;339;591;300;291;
0801073;"Witnica (3)";12848;6226;6622;760;392;368;1046;508;538;1088;545;543;1140;546;594;1036;527;509;
0801074;"Witnica - miasto (4)";6805;3314;3491;395;220;175;518;242;276;549;280;269;597;290;307;606;319;287;
0801075;"Witnica - obszar wiejski (5)";6043;2912;3131;365;172;193;528;266;262;539;265;274;543;256;287;430;208;222;
0802000;"Powiat krośnieński";58243;28700;29543;3414;1793;1621;4114;2061;2053;4673;2452;2221;5388;2747;2641;4722;2417;2305;
0802011;"Gubin (1)";18042;8687;9355;994;485;509;1257;645;612;1496;806;690;1638;827;811;1351;699;652;
0802022;"Bobrowice (2)";3151;1543;1608;200;109;91;221;95;126;242;125;117;272;140;132;243;112;131;
0802032;"Bytnica (2)";2731;1350;1381;174;79;95;191;94;97;234;109;125;240;122;118;234;113;121;
0802042;"Dąbie (2)";5168;2647;2521;359;198;161;396;179;217;410;210;200;517;250;267;437;228;209;
0802052;"Gubin (2)";7209;3580;3629;465;240;225;532;265;267;663;339;324;656;331;325;596;290;306;
0802063;"Krosno Odrzańskie (3)";18905;9386;9519;1034;584;450;1272;652;620;1410;751;659;1790;939;851;1630;855;775;
0802064;"Krosno Odrzańskie - miasto (4)";12607;6199;6408;663;374;289;811;417;394;918;495;423;1177;611;566;1079;560;519;
0802065;"Krosno Odrzańskie - obszar wiejski (5)";6298;3187;3111;371;210;161;461;235;226;492;256;236;613;328;285;551;295;256;
0802072;"Maszewo (2)";3037;1507;1530;188;98;90;245;131;114;218;112;106;275;138;137;231;120;111;
0803000;"Powiat międzyrzecki";58641;28898;29743;3023;1549;1474;3912;1996;1916;5037;2556;2481;5615;2876;2739;4500;2350;2150;
0803012;"Bledzew (2)";4652;2374;2278;263;136;127;306;161;145;412;213;199;465;239;226;378;201;177;
0803023;"Międzyrzecz (3)";24778;12156;12622;1203;627;576;1591;805;786;2049;1041;1008;2386;1273;1113;1801;946;855;
0803024;"Międzyrzecz - miasto (4)";18865;9174;9691;877;446;431;1124;578;546;1557;773;784;1840;1014;826;1353;711;642;
0803025;"Międzyrzecz - obszar wiejski (5)";5913;2982;2931;326;181;145;467;227;240;492;268;224;546;259;287;448;235;213;
0803032;"Przytoczna (2)";5823;2980;2843;275;129;146;363;190;173;543;268;275;622;324;298;486;281;205;
0803042;"Pszczew (2)";4107;2007;2100;235;133;102;298;144;154;364;187;177;354;167;187;308;159;149;
0803053;"Skwierzyna (3)";12936;6278;6658;685;347;338;931;487;444;1134;571;563;1187;588;599;1044;508;536;
0803054;"Skwierzyna - miasto (4)";10245;4955;5290;546;282;264;731;378;353;894;447;447;943;472;471;812;394;418;
0803055;"Skwierzyna - obszar wiejski (5)";2691;1323;1368;139;65;74;200;109;91;240;124;116;244;116;128;232;114;118;
0803063;"Trzciel (3)";6345;3103;3242;362;177;185;423;209;214;535;276;259;601;285;316;483;255;228;
0803064;"Trzciel - miasto (4)";2375;1162;1213;110;54;56;144;82;62;210;113;97;236;115;121;187;103;84;
0803065;"Trzciel - obszar wiejski (5)";3970;1941;2029;252;123;129;279;127;152;325;163;162;365;170;195;296;152;144;
0804000;"Powiat nowosolski";125538;61110;64428;7124;3681;3443;8592;4393;4199;10154;5139;5015;11881;6061;5820;10438;5384;5054;
0804011;"Nowa Sól (1)";41391;19661;21730;2011;1049;962;2336;1163;1173;3040;1526;1514;3814;1926;1888;3444;1752;1692;
0804023;"Bytom Odrzański (3)";5356;2641;2715;311;151;160;383;201;182;457;231;226;536;296;240;428;202;226;
0804024;"Bytom Odrzański - miasto (4)";4393;2141;2252;247;118;129;296;154;142;368;185;183;457;249;208;355;162;193;
0804025;"Bytom Odrzański - obszar wiejski (5)";963;500;463;64;33;31;87;47;40;89;46;43;79;47;32;73;40;33;
0804032;"Kolsko (2)";3207;1581;1626;189;106;83;253;134;119;259;136;123;310;140;170;249;122;127;
0804043;"Kożuchów (3)";15936;7740;8196;963;485;478;1105;572;533;1196;592;604;1454;718;736;1332;689;643;
0804044;"Kożuchów - miasto (4)";9707;4653;5054;562;293;269;621;314;307;694;339;355;855;424;431;788;409;379;
0804045;"Kożuchów - obszar wiejski (5)";6229;3087;3142;401;192;209;484;258;226;502;253;249;599;294;305;544;280;264;
0804052;"Nowa Sól (2)";6440;3168;3272;399;200;199;481;234;247;514;263;251;605;315;290;547;296;251;
0804063;"Nowe Miasteczko (3)";5615;2783;2832;359;178;181;450;230;220;443;230;213;581;291;290;434;227;207;
0804064;"Nowe Miasteczko - miasto (4)";2812;1387;1425;147;72;75;211;110;101;202;114;88;302;154;148;207;106;101;
0804065;"Nowe Miasteczko - obszar wiejski (5)";2803;1396;1407;212;106;106;239;120;119;241;116;125;279;137;142;227;121;106;
0804072;"Otyń (2)";5781;2915;2866;404;220;184;446;234;212;487;253;234;507;270;237;494;249;245;
0804082;"Siedlisko (2)";3385;1677;1708;194;100;94;299;141;158;296;137;159;348;181;167;283;151;132;
0804093;"Sława (3)";11771;5811;5960;744;369;375;893;478;415;984;482;502;1157;587;570;952;498;454;
0804094;"Sława - miasto (4)";3854;1871;1983;203;95;108;289;166;123;309;134;175;364;189;175;302;175;127;
0804095;"Sława - obszar wiejski (5)";7917;3940;3977;541;274;267;604;312;292;675;348;327;793;398;395;650;323;327;
0804103;"Szlichtyngowa (3)";5077;2536;2541;348;178;170;406;211;195;498;261;237;477;257;220;425;221;204;
0804104;"Szlichtyngowa - miasto (4)";1346;667;679;76;44;32;105;60;45;139;75;64;135;72;63;102;49;53;
0804105;"Szlichtyngowa - obszar wiejski (5)";3731;1869;1862;272;134;138;301;151;150;359;186;173;342;185;157;323;172;151;
0804113;"Wschowa (3)";21579;10597;10982;1202;645;557;1540;795;745;1980;1028;952;2092;1080;1012;1850;977;873;
0804114;"Wschowa - miasto (4)";14501;7001;7500;734;395;339;999;507;492;1284;666;618;1377;718;659;1243;640;603;
0804115;"Wschowa - obszar wiejski (5)";7078;3596;3482;468;250;218;541;288;253;696;362;334;715;362;353;607;337;270;
0805000;"Powiat słubicki";46523;22806;23717;2621;1330;1291;3204;1651;1553;3812;1964;1848;4713;2434;2279;4117;2049;2068;
0805013;"Cybinka (3)";6682;3351;3331;420;228;192;469;241;228;572;283;289;582;295;287;546;295;251;
0805014;"Cybinka - miasto (4)";2529;1258;1271;151;87;64;175;92;83;206;103;103;200;105;95;192;105;87;
0805015;"Cybinka - obszar wiejski (5)";4153;2093;2060;269;141;128;294;149;145;366;180;186;382;190;192;354;190;164;
0805022;"Górzyca (2)";4132;2029;2103;285;137;148;324;158;166;335;177;158;395;186;209;313;155;158;
0805033;"Ośno Lubuskie (3)";6285;3148;3137;361;179;182;466;243;223;553;293;260;643;325;318;492;269;223;
0805034;"Ośno Lubuskie - miasto (4)";3742;1838;1904;208;112;96;269;144;125;322;177;145;408;202;206;290;150;140;
0805035;"Ośno Lubuskie - obszar wiejski (5)";2543;1310;1233;153;67;86;197;99;98;231;116;115;235;123;112;202;119;83;
0805043;"Rzepin (3)";9771;4899;4872;550;294;256;678;360;318;854;447;407;1138;651;487;776;387;389;
0805044;"Rzepin - miasto (4)";6282;3072;3210;352;191;161;418;219;199;561;297;264;523;261;262;523;268;255;
0805045;"Rzepin - obszar wiejski (5)";3489;1827;1662;198;103;95;260;141;119;293;150;143;615;390;225;253;119;134;
0805053;"Słubice (3)";19653;9379;10274;1005;492;513;1267;649;618;1498;764;734;1955;977;978;1990;943;1047;
0805054;"Słubice - miasto (4)";17252;8159;9093;840;402;438;1100;554;546;1249;629;620;1690;841;849;1822;847;975;
0805055;"Słubice - obszar wiejski (5)";2401;1220;1181;165;90;75;167;95;72;249;135;114;265;136;129;168;96;72;
0806000;"Powiat strzelecko-drezdenecki";50595;24860;25735;2843;1479;1364;3453;1709;1744;4226;2145;2081;4902;2516;2386;3978;2076;1902;
0806013;"Dobiegniew (3)";7061;3513;3548;351;194;157;501;253;248;621;327;294;615;317;298;523;287;236;
0806014;"Dobiegniew - miasto (4)";3259;1561;1698;121;61;60;206;104;102;293;154;139;309;146;163;255;132;123;
0806015;"Dobiegniew - obszar wiejski (5)";3802;1952;1850;230;133;97;295;149;146;328;173;155;306;171;135;268;155;113;
0806023;"Drezdenko (3)";17306;8431;8875;961;497;464;1201;575;626;1440;740;700;1574;793;781;1367;704;663;
0806024;"Drezdenko - miasto (4)";10486;5020;5466;518;269;249;691;327;364;848;426;422;962;479;483;821;420;401;
0806025;"Drezdenko - obszar wiejski (5)";6820;3411;3409;443;228;215;510;248;262;592;314;278;612;314;298;546;284;262;
0806032;"Stare Kurowo (2)";4151;2059;2092;247;130;117;299;143;156;365;175;190;375;184;191;333;170;163;
0806043;"Strzelce Krajeńskie (3)";17669;8630;9039;1000;510;490;1105;561;544;1442;729;713;1936;997;939;1416;733;683;
0806044;"Strzelce Krajeńskie - miasto (4)";10424;4999;5425;539;272;267;610;319;291;828;410;418;1238;631;607;879;437;442;
0806045;"Strzelce Krajeńskie - obszar wiejski (5)";7245;3631;3614;461;238;223;495;242;253;614;319;295;698;366;332;537;296;241;
0806052;"Zwierzyn (2)";4408;2227;2181;284;148;136;347;177;170;358;174;184;402;225;177;339;182;157;
0807000;"Powiat sulęciński";35433;17658;17775;2013;1057;956;2636;1382;1254;3100;1585;1515;3133;1604;1529;2673;1421;1252;
0807012;"Krzeszyce (2)";4424;2282;2142;232;131;101;359;195;164;412;210;202;339;204;135;313;173;140;
0807023;"Lubniewice (3)";3001;1490;1511;154;68;86;190;97;93;256;129;127;273;143;130;263;151;112;
0807024;"Lubniewice - miasto (4)";1920;935;985;101;40;61;112;55;57;153;72;81;183;98;85;170;95;75;
0807025;"Lubniewice - obszar wiejski (5)";1081;555;526;53;28;25;78;42;36;103;57;46;90;45;45;93;56;37;
0807032;"Słońsk (2)";4795;2393;2402;316;150;166;353;174;179;448;226;222;383;189;194;369;191;178;
0807043;"Sulęcin (3)";16338;8035;8303;893;482;411;1203;644;559;1366;707;659;1501;745;756;1233;628;605;
0807044;"Sulęcin - miasto (4)";9996;4863;5133;473;258;215;650;346;304;786;416;370;971;478;493;784;399;385;
0807045;"Sulęcin - obszar wiejski (5)";6342;3172;3170;420;224;196;553;298;255;580;291;289;530;267;263;449;229;220;
0807053;"Torzym (3)";6875;3458;3417;418;226;192;531;272;259;618;313;305;637;323;314;495;278;217;
0807054;"Torzym - miasto (4)";2557;1244;1313;143;77;66;185;94;91;239;123;116;253;126;127;166;81;85;
0807055;"Torzym - obszar wiejski (5)";4318;2214;2104;275;149;126;346;178;168;379;190;189;384;197;187;329;197;132;
0808000;"Powiat świebodziński";56227;27444;28783;3145;1569;1576;3915;1996;1919;4686;2357;2329;5537;2881;2656;4519;2376;2143;
0808012;"Lubrza (2)";3270;1665;1605;218;122;96;256;126;130;282;157;125;290;142;148;240;131;109;
0808022;"Łagów (2)";5178;2634;2544;273;148;125;308;161;147;416;218;198;476;263;213;420;231;189;
0808032;"Skąpe (2)";5326;2621;2705;318;167;151;398;206;192;434;214;220;475;257;218;386;173;213;
0808042;"Szczaniec (2)";3936;1903;2033;271;127;144;299;143;156;349;162;187;371;181;190;330;164;166;
0808053;"Świebodzin (3)";29962;14407;15555;1593;776;817;2079;1095;984;2456;1224;1232;2922;1462;1460;2441;1314;1127;
0808054;"Świebodzin - miasto (4)";21950;10441;11509;1071;512;559;1424;752;672;1746;885;861;2199;1091;1108;1731;904;827;
0808055;"Świebodzin - obszar wiejski (5)";8012;3966;4046;522;264;258;655;343;312;710;339;371;723;371;352;710;410;300;
0808063;"Zbąszynek (3)";8555;4214;4341;472;229;243;575;265;310;749;382;367;1003;576;427;702;363;339;
0808064;"Zbąszynek - miasto (4)";5179;2527;2652;278;132;146;307;140;167;448;234;214;568;295;273;458;247;211;
0808065;"Zbąszynek - obszar wiejski (5)";3376;1687;1689;194;97;97;268;125;143;301;148;153;435;281;154;244;116;128;
0809000;"Powiat zielonogórski";87290;43064;44226;4997;2587;2410;6346;3158;3188;7348;3799;3549;8173;4177;3996;7561;3843;3718;
0809013;"Babimost (3)";6551;3278;3273;441;216;225;436;202;234;589;313;276;613;333;280;534;272;262;
0809014;"Babimost - miasto (4)";4164;2072;2092;282;130;152;286;132;154;369;198;171;406;216;190;332;175;157;
0809015;"Babimost - obszar wiejski (5)";2387;1206;1181;159;86;73;150;70;80;220;115;105;207;117;90;202;97;105;
0809022;"Bojadła (2)";3420;1711;1709;226;117;109;242;117;125;296;159;137;300;159;141;300;147;153;
0809033;"Czerwieńsk (3)";9304;4599;4705;543;286;257;673;336;337;725;360;365;847;448;399;883;444;439;
0809034;"Czerwieńsk - miasto (4)";4162;2051;2111;221;119;102;302;144;158;309;162;147;391;217;174;405;204;201;
0809035;"Czerwieńsk - obszar wiejski (5)";5142;2548;2594;322;167;155;371;192;179;416;198;218;456;231;225;478;240;238;
0809043;"Kargowa (3)";5695;2801;2894;364;194;170;394;183;211;526;281;245;545;274;271;461;229;232;
0809044;"Kargowa - miasto (4)";3595;1759;1836;216;113;103;259;117;142;324;169;155;350;185;165;300;154;146;
0809045;"Kargowa - obszar wiejski (5)";2100;1042;1058;148;81;67;135;66;69;202;112;90;195;89;106;161;75;86;
0809053;"Nowogród Bobrzański (3)";9343;4621;4722;563;273;290;742;372;370;796;417;379;826;411;415;837;446;391;
0809054;"Nowogród Bobrzański - miasto (4)";5065;2515;2550;279;132;147;362;187;175;395;214;181;437;223;214;520;279;241;
0809055;"Nowogród Bobrzański - obszar wiejski (5)";4278;2106;2172;284;141;143;380;185;195;401;203;198;389;188;201;317;167;150;
0809063;"Sulechów (3)";26331;12771;13560;1389;753;636;1839;928;911;2249;1125;1124;2617;1292;1325;2271;1115;1156;
0809064;"Sulechów - miasto (4)";18134;8685;9449;906;493;413;1241;622;619;1572;789;783;1862;925;937;1589;754;835;
0809065;"Sulechów - obszar wiejski (5)";8197;4086;4111;483;260;223;598;306;292;677;336;341;755;367;388;682;361;321;
0809072;"Świdnica (2)";5297;2638;2659;293;139;154;371;180;191;447;253;194;460;249;211;436;229;207;
0809082;"Trzebiechów (2)";3278;1653;1625;184;86;98;240;120;120;286;137;149;281;159;122;290;153;137;
0809092;"Zabór (2)";3343;1693;1650;196;111;85;298;158;140;256;135;121;310;157;153;281;156;125;
0809102;"Zielona Góra (2)";14728;7299;7429;798;412;386;1111;562;549;1178;619;559;1374;695;679;1268;652;616;
0810000;"Powiat żagański";83304;40454;42850;4523;2333;2190;5475;2744;2731;6701;3380;3321;7849;4006;3843;6575;3373;3202;
0810011;"Gozdnica (1)";3564;1725;1839;218;108;110;231;124;107;264;134;130;324;166;158;274;138;136;
0810021;"Żagań (1)";26813;12853;13960;1255;654;601;1551;773;778;2061;1057;1004;2536;1259;1277;2177;1123;1054;
0810032;"Brzeźnica (2)";3830;1938;1892;269;133;136;305;153;152;327;153;174;352;182;170;315;162;153;
0810043;"Iłowa (3)";7294;3576;3718;367;193;174;460;241;219;587;292;295;672;347;325;576;297;279;
0810044;"Iłowa - miasto (4)";4130;1991;2139;204;109;95;275;144;131;310;145;165;378;192;186;306;158;148;
0810045;"Iłowa - obszar wiejski (5)";3164;1585;1579;163;84;79;185;97;88;277;147;130;294;155;139;270;139;131;
0810053;"Małomice (3)";5638;2752;2886;290;157;133;347;173;174;468;236;232;562;288;274;468;239;229;
0810054;"Małomice - miasto (4)";3802;1843;1959;200;113;87;252;124;128;311;159;152;374;192;182;302;163;139;
0810055;"Małomice - obszar wiejski (5)";1836;909;927;90;44;46;95;49;46;157;77;80;188;96;92;166;76;90;
0810062;"Niegosławice (2)";4666;2253;2413;280;125;155;342;160;182;400;204;196;431;214;217;348;181;167;
0810073;"Szprotawa (3)";22031;10709;11322;1217;645;572;1504;747;757;1820;916;904;2104;1116;988;1693;868;825;
0810074;"Szprotawa - miasto (4)";12878;6204;6674;615;325;290;765;395;370;1051;545;506;1188;611;577;1043;540;503;
0810075;"Szprotawa - obszar wiejski (5)";9153;4505;4648;602;320;282;739;352;387;769;371;398;916;505;411;650;328;322;
0810082;"Wymiarki (2)";2548;1236;1312;130;67;63;176;87;89;225;122;103;251;113;138;209;107;102;
0810092;"Żagań (2)";6920;3412;3508;497;251;246;559;286;273;549;266;283;617;321;296;515;258;257;
0811000;"Powiat żarski";100358;48606;51752;5605;2927;2678;6780;3435;3345;8227;4175;4052;9087;4688;4399;8112;4130;3982;
0811011;"Łęknica (1)";2639;1279;1360;182;92;90;200;101;99;242;118;124;284;151;133;253;110;143;
0811021;"Żary (1)";39773;18859;20914;2031;1057;974;2412;1197;1215;3140;1583;1557;3478;1814;1664;3145;1601;1544;
0811032;"Brody (2)";3618;1777;1841;246;131;115;261;139;122;312;147;165;350;172;178;321;168;153;
0811043;"Jasień (3)";7480;3700;3780;444;241;203;548;281;267;598;316;282;652;352;300;610;300;310;
0811044;"Jasień - miasto (4)";4711;2312;2399;283;155;128;320;164;156;356;193;163;383;209;174;390;186;204;
0811045;"Jasień - obszar wiejski (5)";2769;1388;1381;161;86;75;228;117;111;242;123;119;269;143;126;220;114;106;
0811052;"Lipinki Łużyckie (2)";3211;1574;1637;171;91;80;232;122;110;259;128;131;291;155;136;254;128;126;
0811063;"Lubsko (3)";19738;9604;10134;1091;562;529;1342;694;648;1649;835;814;1850;929;921;1603;818;785;
0811064;"Lubsko - miasto (4)";15116;7310;7806;807;421;386;964;496;468;1219;631;588;1417;703;714;1219;631;588;
0811065;"Lubsko - obszar wiejski (5)";4622;2294;2328;284;141;143;378;198;180;430;204;226;433;226;207;384;187;197;
0811072;"Przewóz (2)";3383;1684;1699;220;113;107;273;143;130;313;162;151;309;157;152;241;113;128;
0811082;"Trzebiel (2)";5915;2916;2999;374;186;188;434;206;228;500;258;242;543;291;252;482;248;234;
0811092;"Tuplice (2)";3345;1665;1680;169;99;70;252;138;114;269;125;144;272;138;134;276;159;117;
0811102;"Żary (2)";11256;5548;5708;677;355;322;826;414;412;945;503;442;1058;529;529;927;485;442;
0861000;"Powiat m.Gorzów Wielkopolski";125767;60067;65700;5692;2969;2723;6945;3601;3344;8879;4511;4368;11269;5724;5545;11098;5432;5666;
0861011;"Gorzów Wielkopolski (1)";125767;60067;65700;5692;2969;2723;6945;3601;3344;8879;4511;4368;11269;5724;5545;11098;5432;5666;
0862000;"Powiat m.Zielona Góra";118103;55777;62326;4915;2508;2407;5943;3012;2931;7411;3724;3687;10611;5214;5397;11882;5798;6084;
0862011;"Zielona Góra (1)";118103;55777;62326;4915;2508;2407;5943;3012;2931;7411;3724;3687;10611;5214;5397;11882;5798;6084;
1000000;"ŁÓDZKIE";2627824;1254666;1373158;122565;63066;59499;151960;77680;74280;177262;90482;86780;211091;108127;102964;205607;104231;101376;
1001000;"Powiat bełchatowski";112087;55277;56810;5802;2973;2829;7619;3845;3774;9981;5081;4900;11744;6059;5685;9278;4720;4558;
1001011;"Bełchatów (1)";63314;31243;32071;3056;1584;1472;4228;2161;2067;6340;3225;3115;7823;4030;3793;5578;2820;2758;
1001022;"Bełchatów (2)";8451;4213;4238;495;255;240;593;300;293;637;317;320;679;373;306;644;322;322;
1001032;"Drużbice (2)";4957;2415;2542;255;137;118;320;153;167;366;187;179;413;199;214;379;194;185;
1001042;"Kleszczów (2)";3510;1772;1738;237;120;117;262;135;127;241;127;114;250;134;116;294;161;133;
1001052;"Kluki (2)";3714;1818;1896;245;125;120;261;129;132;234;120;114;277;125;152;246;131;115;
1001062;"Rusiec (2)";5386;2689;2697;292;140;152;383;193;190;415;224;191;379;192;187;371;198;173;
1001072;"Szczerców (2)";7445;3665;3780;451;218;233;548;265;283;597;289;308;600;304;296;590;294;296;
1001083;"Zelów (3)";15310;7462;7848;771;394;377;1024;509;515;1151;592;559;1323;702;621;1176;600;576;
1001084;"Zelów - miasto (4)";8165;3939;4226;419;216;203;530;266;264;624;333;291;749;400;349;646;330;316;
1001085;"Zelów - obszar wiejski (5)";7145;3523;3622;352;178;174;494;243;251;527;259;268;574;302;272;530;270;260;
1002000;"Powiat kutnowski";108209;52174;56035;4965;2579;2386;6530;3358;3172;7889;4047;3842;8857;4516;4341;7554;3967;3587;
1002011;"Kutno (1)";49010;23094;25916;2009;1070;939;2620;1344;1276;3434;1758;1676;4221;2122;2099;3615;1877;1738;
1002022;"Bedlno (2)";6492;3269;3223;316;154;162;386;202;184;455;228;227;462;243;219;449;241;208;
1002032;"Dąbrowice (2)";2194;1081;1113;115;58;57;171;89;82;150;70;80;137;73;64;131;73;58;
1002043;"Krośniewice (3)";9425;4570;4855;490;242;248;617;319;298;703;363;340;735;370;365;613;312;301;
1002044;"Krośniewice - miasto (4)";4890;2328;2562;249;121;128;323;171;152;372;190;182;378;196;182;309;151;158;
1002045;"Krośniewice - obszar wiejski (5)";4535;2242;2293;241;121;120;294;148;146;331;173;158;357;174;183;304;161;143;
1002052;"Krzyżanów (2)";4852;2405;2447;211;107;104;366;175;191;371;190;181;484;239;245;331;181;150;
1002062;"Kutno (2)";8449;4219;4230;456;226;230;601;313;288;697;397;300;660;339;321;565;298;267;
1002072;"Łanięta (2)";2747;1426;1321;169;97;72;184;101;83;195;107;88;204;104;100;192;110;82;
1002082;"Nowe Ostrowy (2)";4125;1979;2146;219;120;99;270;133;137;322;147;175;305;151;154;271;150;121;
1002092;"Oporów (2)";2934;1462;1472;158;84;74;214;112;102;209;98;111;232;128;104;216;112;104;
1002102;"Strzelce (2)";4399;2182;2217;254;141;113;311;152;159;338;174;164;336;181;155;293;154;139;
1002113;"Żychlin (3)";13582;6487;7095;568;280;288;790;418;372;1015;515;500;1081;566;515;878;459;419;
1002114;"Żychlin - miasto (4)";9342;4432;4910;383;183;200;511;277;234;693;350;343;770;403;367;613;332;281;
1002115;"Żychlin - obszar wiejski (5)";4240;2055;2185;185;97;88;279;141;138;322;165;157;311;163;148;265;127;138;
1003000;"Powiat łaski";51745;25253;26492;2628;1315;1313;3452;1720;1732;3828;1979;1849;4449;2325;2124;3714;1918;1796;
1003012;"Buczek (2)";4848;2394;2454;254;127;127;306;157;149;372;198;174;410;200;210;352;192;160;
1003023;"Łask (3)";28830;13867;14963;1406;709;697;1892;936;956;2181;1095;1086;2591;1377;1214;2216;1116;1100;
1003024;"Łask - miasto (4)";19478;9226;10252;905;452;453;1197;577;620;1479;745;734;1799;938;861;1548;788;760;
1003025;"Łask - obszar wiejski (5)";9352;4641;4711;501;257;244;695;359;336;702;350;352;792;439;353;668;328;340;
1003032;"Sędziejowice (2)";6669;3310;3359;361;193;168;441;209;232;493;263;230;615;332;283;436;224;212;
1003042;"Widawa (2)";8270;4094;4176;435;208;227;589;306;283;555;300;255;600;294;306;531;284;247;
1003052;"Wodzierady (2)";3128;1588;1540;172;78;94;224;112;112;227;123;104;233;122;111;179;102;77;
1004000;"Powiat łęczycki";55271;27081;28190;2861;1509;1352;3529;1794;1735;4078;2080;1998;4423;2333;2090;3818;2007;1811;
1004011;"Łęczyca (1)";15868;7561;8307;752;424;328;884;450;434;1120;581;539;1349;704;645;1130;583;547;
1004022;"Daszyna (2)";4292;2159;2133;194;98;96;266;123;143;271;136;135;342;185;157;321;177;144;
1004032;"Góra Świętej Małgorzaty (2)";4739;2341;2398;269;154;115;320;171;149;350;170;180;347;175;172;305;157;148;
1004042;"Grabów (2)";6827;3372;3455;363;168;195;427;213;214;515;275;240;516;262;254;490;254;236;
1004052;"Łęczyca (2)";8726;4335;4391;482;251;231;613;322;291;680;327;353;662;358;304;590;309;281;
1004062;"Piątek (2)";6751;3303;3448;336;171;165;444;228;216;479;241;238;560;283;277;488;261;227;
1004072;"Świnice Warckie (2)";4357;2176;2181;256;136;120;311;155;156;370;187;183;358;210;148;268;143;125;
1004082;"Witonia (2)";3711;1834;1877;209;107;102;264;132;132;293;163;130;289;156;133;226;123;103;
1005000;"Powiat łowicki";84562;41008;43554;4478;2313;2165;5428;2686;2742;6292;3248;3044;7048;3588;3460;6362;3215;3147;
1005011;"Łowicz (1)";30911;14509;16402;1478;756;722;1787;901;886;2276;1180;1096;2843;1417;1426;2655;1252;1403;
1005022;"Bielawy (2)";6393;3211;3182;314;175;139;366;196;170;430;227;203;459;237;222;431;234;197;
1005032;"Chąśno (2)";3315;1689;1626;213;120;93;249;124;125;234;119;115;263;155;108;223;122;101;
1005042;"Domaniewice (2)";4798;2327;2471;248;106;142;294;136;158;349;178;171;401;192;209;377;201;176;
1005052;"Kiernozia (2)";3816;1889;1927;210;106;104;251;125;126;269;139;130;292;152;140;264;148;116;
1005062;"Kocierzew Południowy (2)";4835;2424;2411;311;168;143;368;180;188;391;207;184;409;221;188;339;175;164;
1005072;"Łowicz (2)";7440;3669;3771;467;243;224;568;278;290;560;294;266;545;283;262;502;254;248;
1005082;"Łyszkowice (2)";7113;3543;3570;417;211;206;540;259;281;576;298;278;551;286;265;489;267;222;
1005092;"Nieborów (2)";9587;4652;4935;491;259;232;635;306;329;740;354;386;782;385;397;712;377;335;
1005102;"Zduny (2)";6354;3095;3259;329;169;160;370;181;189;467;252;215;503;260;243;370;185;185;
1006000;"Powiat łódzki wschodni";93130;45041;48089;4603;2329;2274;5856;3043;2813;6564;3390;3174;7469;3788;3681;7143;3633;3510;
1006011;"Brzeziny (1)";12514;5964;6550;536;262;274;759;393;366;940;508;432;1116;545;571;1057;531;526;
1006022;"Andrespol (2)";10714;5117;5597;500;266;234;630;313;317;734;358;376;819;403;416;821;417;404;
1006032;"Brójce (2)";5176;2551;2625;284;132;152;380;194;186;430;210;220;406;202;204;398;201;197;
1006042;"Brzeziny (2)";5150;2494;2656;287;127;160;358;187;171;349;177;172;381;178;203;398;182;216;
1006052;"Dmosin (2)";4792;2351;2441;237;134;103;296;141;155;305;142;163;321;168;153;306;160;146;
1006062;"Jeżów (2)";3732;1891;1841;230;118;112;240;146;94;243;132;111;274;153;121;283;164;119;
1006073;"Koluszki (3)";22934;10974;11960;1082;547;535;1371;723;648;1577;835;742;1955;1006;949;1810;923;887;
1006074;"Koluszki - miasto (4)";13440;6406;7034;606;304;302;747;389;358;985;533;452;1250;651;599;1114;564;550;
1006075;"Koluszki - obszar wiejski (5)";9494;4568;4926;476;243;233;624;334;290;592;302;290;705;355;350;696;359;337;
1006082;"Nowosolna (2)";3175;1563;1612;191;91;100;212;112;100;247;128;119;227;112;115;202;102;100;
1006092;"Rogów (2)";4795;2399;2396;242;130;112;313;163;150;341;187;154;369;188;181;366;191;175;
1006102;"Rzgów (2)";8639;4207;4432;436;230;206;545;292;253;587;295;292;684;358;326;660;332;328;
1006113;"Tuszyn (3)";11509;5530;5979;578;292;286;752;379;373;811;418;393;917;475;442;842;430;412;
1006114;"Tuszyn - miasto (4)";7151;3368;3783;332;165;167;476;234;242;510;261;249;582;307;275;529;269;260;
1006115;"Tuszyn - obszar wiejski (5)";4358;2162;2196;246;127;119;276;145;131;301;157;144;335;168;167;313;161;152;
1007000;"Powiat opoczyński";79658;39630;40028;4852;2551;2301;5733;2918;2815;6809;3499;3310;7142;3739;3403;5798;3130;2668;
1007012;"Białaczów (2)";6150;3060;3090;386;219;167;436;217;219;453;238;215;428;228;200;422;231;191;
1007023;"Drzewica (3)";11287;5538;5749;682;361;321;825;422;403;900;442;458;989;518;471;827;415;412;
1007024;"Drzewica - miasto (4)";4054;1962;2092;224;129;95;280;145;135;331;161;170;384;208;176;281;128;153;
1007025;"Drzewica - obszar wiejski (5)";7233;3576;3657;458;232;226;545;277;268;569;281;288;605;310;295;546;287;259;
1007032;"Mniszków (2)";4829;2449;2380;283;151;132;337;158;179;376;191;185;360;189;171;337;190;147;
1007043;"Opoczno (3)";35202;17452;17750;2125;1111;1014;2498;1291;1207;3271;1683;1588;3479;1835;1644;2651;1429;1222;
1007044;"Opoczno - miasto (4)";22390;10972;11418;1293;676;617;1513;783;730;2113;1092;1021;2316;1227;1089;1652;886;766;
1007045;"Opoczno - obszar wiejski (5)";12812;6480;6332;832;435;397;985;508;477;1158;591;567;1163;608;555;999;543;456;
1007052;"Paradyż (2)";4534;2275;2259;324;171;153;336;161;175;371;182;189;391;200;191;342;199;143;
1007062;"Poświętne (2)";3499;1785;1714;183;99;84;229;116;113;289;151;138;273;144;129;254;141;113;
1007072;"Sławno (2)";7651;3823;3828;497;241;256;594;306;288;651;339;312;718;370;348;576;303;273;
1007082;"Żarnów (2)";6506;3248;3258;372;198;174;478;247;231;498;273;225;504;255;249;389;222;167;
1008000;"Powiat pabianicki";120498;56713;63785;5159;2641;2518;6601;3397;3204;7710;3971;3739;9344;4840;4504;9392;4778;4614;
1008011;"Konstantynów Łódzki (1)";17513;8254;9259;703;363;340;981;499;482;1157;608;549;1419;742;677;1303;689;614;
1008021;"Pabianice (1)";73415;33949;39466;3061;1566;1495;3784;1948;1836;4406;2249;2157;5488;2820;2668;5857;2952;2905;
1008032;"Dłutów (2)";3991;1975;2016;204;105;99;226;126;100;241;117;124;295;156;139;317;162;155;
1008042;"Dobroń (2)";6370;3117;3253;312;163;149;439;230;209;528;268;260;514;257;257;491;240;251;
1008052;"Ksawerów (2)";7025;3351;3674;325;159;166;400;197;203;482;255;227;609;303;306;587;306;281;
1008062;"Lutomiersk (2)";6872;3430;3442;309;160;149;428;221;207;479;246;233;550;326;224;447;212;235;
1008072;"Pabianice (2)";5312;2637;2675;245;125;120;343;176;167;417;228;189;469;236;233;390;217;173;
1009000;"Powiat pajęczański";54597;27159;27438;3225;1590;1635;3831;1963;1868;4206;2149;2057;4283;2239;2044;3980;2077;1903;
1009013;"Działoszyn (3)";13118;6537;6581;831;403;428;978;524;454;1099;557;542;1139;608;531;880;453;427;
1009014;"Działoszyn - miasto (4)";6461;3196;3265;388;185;203;479;238;241;547;272;275;584;323;261;432;221;211;
1009015;"Działoszyn - obszar wiejski (5)";6657;3341;3316;443;218;225;499;286;213;552;285;267;555;285;270;448;232;216;
1009022;"Kiełczygłów (2)";4386;2196;2190;239;123;116;302;144;158;314;165;149;304;165;139;287;154;133;
1009032;"Nowa Brzeźnica (2)";5169;2556;2613;275;129;146;360;195;165;393;189;204;396;209;187;385;198;187;
1009043;"Pajęczno (3)";11832;5904;5928;640;321;319;796;403;393;877;458;419;1032;529;503;913;495;418;
1009044;"Pajęczno - miasto (4)";6796;3376;3420;313;162;151;421;224;197;508;271;237;616;312;304;590;327;263;
1009045;"Pajęczno - obszar wiejski (5)";5036;2528;2508;327;159;168;375;179;196;369;187;182;416;217;199;323;168;155;
1009052;"Rząśnia (2)";4980;2435;2545;352;174;178;398;199;199;361;179;182;309;147;162;342;167;175;
1009062;"Siemkowice (2)";5153;2606;2547;345;175;170;356;182;174;417;216;201;381;201;180;417;222;195;
1009072;"Strzelce Wielkie (2)";5064;2496;2568;273;135;138;337;179;158;379;195;184;385;195;190;367;192;175;
1009082;"Sulmierzyce (2)";4895;2429;2466;270;130;140;304;137;167;366;190;176;337;185;152;389;196;193;
1010000;"Powiat piotrkowski";90516;44472;46044;5265;2695;2570;6426;3370;3056;6794;3470;3324;7601;3843;3758;6883;3547;3336;
1010012;"Aleksandrów (2)";4705;2313;2392;252;132;120;304;158;146;320;159;161;394;202;192;294;160;134;
1010022;"Czarnocin (2)";4255;1998;2257;211;92;119;299;151;148;321;148;173;416;179;237;286;139;147;
1010032;"Gorzkowice (2)";8748;4308;4440;570;297;273;594;314;280;612;333;279;708;361;347;758;374;384;
1010042;"Grabica (2)";6163;3041;3122;378;187;191;425;222;203;499;256;243;499;255;244;498;264;234;
1010052;"Łęki Szlacheckie (2)";3838;1890;1948;220;109;111;297;148;149;269;131;138;287;140;147;236;117;119;
1010062;"Moszczenica (2)";12741;6202;6539;738;375;363;891;486;405;941;489;452;1002;520;482;944;483;461;
1010072;"Ręczno (2)";3759;1893;1866;217;111;106;254;122;132;304;163;141;316;168;148;266;156;110;
1010082;"Rozprza (2)";11900;5817;6083;715;357;358;877;473;404;835;420;415;989;485;504;993;547;446;
1010093;"Sulejów (3)";15033;7397;7636;879;470;409;1147;613;534;1135;564;571;1328;673;655;1145;554;591;
1010094;"Sulejów - miasto (4)";6276;3103;3173;366;205;161;460;260;200;463;242;221;558;288;270;472;232;240;
1010095;"Sulejów - obszar wiejski (5)";8757;4294;4463;513;265;248;687;353;334;672;322;350;770;385;385;673;322;351;
1010102;"Wola Krzysztoporska (2)";11498;5725;5773;704;369;335;823;432;391;903;470;433;902;462;440;919;474;445;
1010112;"Wolbórz (2)";7876;3888;3988;381;196;185;515;251;264;655;337;318;760;398;362;544;279;265;
1011000;"Powiat poddębicki";43521;21429;22092;2201;1108;1093;2886;1446;1440;3180;1597;1583;3258;1728;1530;3064;1659;1405;
1011012;"Dalików (2)";3793;1946;1847;198;87;111;257;138;119;268;145;123;267;142;125;284;162;122;
1011022;"Pęczniew (2)";3846;1881;1965;182;91;91;261;118;143;303;150;153;273;143;130;248;117;131;
1011033;"Poddębice (3)";16114;7832;8282;820;427;393;1017;502;515;1190;587;603;1328;705;623;1203;625;578;
1011034;"Poddębice - miasto (4)";7828;3688;4140;364;197;167;482;241;241;617;301;316;714;366;348;578;297;281;
1011035;"Poddębice - obszar wiejski (5)";8286;4144;4142;456;230;226;535;261;274;573;286;287;614;339;275;625;328;297;
1011043;"Uniejów (3)";7601;3713;3888;347;179;168;483;255;228;557;279;278;542;284;258;508;296;212;
1011044;"Uniejów - miasto (4)";3106;1482;1624;144;75;69;188;99;89;231;116;115;214;117;97;194;113;81;
1011045;"Uniejów - obszar wiejski (5)";4495;2231;2264;203;104;99;295;156;139;326;163;163;328;167;161;314;183;131;
1011052;"Wartkowice (2)";6592;3238;3354;370;182;188;509;249;260;485;231;254;477;258;219;444;247;197;
1011062;"Zadzim (2)";5575;2819;2756;284;142;142;359;184;175;377;205;172;371;196;175;377;212;165;
1012000;"Powiat radomszczański";120720;59231;61489;6425;3352;3073;8112;4145;3967;8811;4468;4343;9453;4898;4555;8581;4482;4099;
1012011;"Radomsko (1)";49953;23951;26002;2374;1236;1138;3110;1598;1512;3557;1825;1732;3947;2043;1904;3519;1847;1672;
1012022;"Dobryszyce (2)";4081;1981;2100;277;145;132;313;159;154;316;141;175;371;177;194;294;148;146;
1012032;"Gidle (2)";6783;3412;3371;358;184;174;466;250;216;478;250;228;485;254;231;439;224;215;
1012042;"Gomunice (2)";6022;2946;3076;349;183;166;434;217;217;429;221;208;462;244;218;484;248;236;
1012053;"Kamieńsk (3)";6023;3001;3022;321;158;163;460;242;218;495;286;209;500;269;231;399;199;200;
1012054;"Kamieńsk - miasto (4)";2756;1355;1401;150;70;80;231;123;108;253;143;110;241;130;111;171;86;85;
1012055;"Kamieńsk - obszar wiejski (5)";3267;1646;1621;171;88;83;229;119;110;242;143;99;259;139;120;228;113;115;
1012062;"Kobiele Wielkie (2)";4504;2267;2237;290;146;144;295;143;152;328;151;177;356;196;160;376;206;170;
1012072;"Kodrąb (2)";4810;2367;2443;246;120;126;350;171;179;357;160;197;326;168;158;334;181;153;
1012082;"Lgota Wielka (2)";4471;2190;2281;282;142;140;348;185;163;368;165;203;340;175;165;311;176;135;
1012092;"Ładzice (2)";4922;2551;2371;289;155;134;344;172;172;318;168;150;381;199;182;367;190;177;
1012102;"Masłowice (2)";4492;2239;2253;217;112;105;280;135;145;347;189;158;368;205;163;326;167;159;
1012113;"Przedbórz (3)";7890;3916;3974;471;271;200;569;272;297;598;292;306;656;351;305;555;288;267;
1012114;"Przedbórz - miasto (4)";3973;1929;2044;212;124;88;290;135;155;334;158;176;382;211;171;287;146;141;
1012115;"Przedbórz - obszar wiejski (5)";3917;1987;1930;259;147;112;279;137;142;264;134;130;274;140;134;268;142;126;
1012122;"Radomsko (2)";5545;2737;2808;326;173;153;410;213;197;402;194;208;449;224;225;424;219;205;
1012132;"Wielgomłyny (2)";5102;2592;2510;303;165;138;357;179;178;407;212;195;370;171;199;311;172;139;
1012142;"Żytno (2)";6122;3081;3041;322;162;160;376;209;167;411;214;197;442;222;220;442;217;225;
1013000;"Powiat rawski";50371;24989;25382;2705;1389;1316;3495;1788;1707;4116;2071;2045;4283;2185;2098;3755;2040;1715;
1013011;"Rawa Mazowiecka (1)";17999;8721;9278;819;428;391;1119;567;552;1537;773;764;1851;963;888;1487;791;696;
1013023;"Biała Rawska (3)";11946;5930;6016;667;344;323;880;451;429;950;475;475;976;454;522;841;467;374;
1013024;"Biała Rawska - miasto (4)";3428;1616;1812;171;82;89;228;119;109;317;154;163;387;140;247;258;150;108;
1013025;"Biała Rawska - obszar wiejski (5)";8518;4314;4204;496;262;234;652;332;320;633;321;312;589;314;275;583;317;266;
1013032;"Cielądz (2)";4219;2115;2104;246;120;126;309;177;132;361;174;187;308;162;146;287;154;133;
1013042;"Rawa Mazowiecka (2)";8515;4253;4262;521;250;271;633;319;314;663;328;335;658;344;314;630;335;295;
1013052;"Regnów (2)";1838;938;900;113;62;51;146;75;71;166;83;83;91;47;44;123;67;56;
1013062;"Sadkowice (2)";5854;3032;2822;339;185;154;408;199;209;439;238;201;399;215;184;387;226;161;
1014000;"Powiat sieradzki";123093;60274;62819;7061;3540;3521;8855;4531;4324;9794;4944;4850;10262;5299;4963;8821;4602;4219;
1014011;"Sieradz (1)";44546;21225;23321;2259;1133;1126;2953;1481;1472;3667;1855;1812;4042;2101;1941;3304;1731;1573;
1014023;"Błaszki (3)";15593;7812;7781;954;476;478;1152;596;556;1236;624;612;1329;719;610;1104;571;533;
1014024;"Błaszki - miasto (4)";2365;1124;1241;137;65;72;137;73;64;192;89;103;178;98;80;176;81;95;
1014025;"Błaszki - obszar wiejski (5)";13228;6688;6540;817;411;406;1015;523;492;1044;535;509;1151;621;530;928;490;438;
1014032;"Brąszewice (2)";4561;2268;2293;349;178;171;410;205;205;415;197;218;358;184;174;296;150;146;
1014042;"Brzeźnio (2)";6448;3222;3226;435;226;209;483;261;222;491;256;235;437;224;213;462;236;226;
1014052;"Burzenin (2)";5879;2981;2898;311;166;145;435;233;202;463;241;222;469;249;220;420;237;183;
1014062;"Goszczanów (2)";5988;2989;2999;399;205;194;468;236;232;456;229;227;430;218;212;406;206;200;
1014072;"Klonowa (2)";3150;1556;1594;184;87;97;257;125;132;246;117;129;269;141;128;205;112;93;
1014082;"Sieradz (2)";9590;4869;4721;626;307;319;666;362;304;752;389;363;811;426;385;700;376;324;
1014093;"Warta (3)";13390;6466;6924;723;365;358;974;490;484;994;474;520;1000;467;533;917;456;461;
1014094;"Warta - miasto (4)";3453;1653;1800;159;84;75;239;127;112;249;127;122;267;126;141;227;114;113;
1014095;"Warta - obszar wiejski (5)";9937;4813;5124;564;281;283;735;363;372;745;347;398;733;341;392;690;342;348;
1014102;"Wróblew (2)";6384;3139;3245;383;189;194;473;246;227;468;240;228;483;239;244;449;223;226;
1014113;"Złoczew (3)";7564;3747;3817;438;208;230;584;296;288;606;322;284;634;331;303;558;304;254;
1014114;"Złoczew - miasto (4)";3438;1644;1794;190;87;103;254;124;130;271;136;135;336;179;157;249;132;117;
1014115;"Złoczew - obszar wiejski (5)";4126;2103;2023;248;121;127;330;172;158;335;186;149;298;152;146;309;172;137;
1015000;"Powiat skierniewicki";38817;19272;19545;2114;1085;1029;2772;1405;1367;2963;1495;1468;3073;1627;1446;2730;1448;1282;
1015012;"Bolimów (2)";4140;2042;2098;228;101;127;273;136;137;316;164;152;354;192;162;287;156;131;
1015022;"Głuchów (2)";6230;3137;3093;370;185;185;431;219;212;469;233;236;455;240;215;478;250;228;
1015032;"Godzianów (2)";2796;1413;1383;161;92;69;219;118;101;235;123;112;244;116;128;182;99;83;
1015042;"Kowiesy (2)";3177;1564;1613;154;82;72;218;107;111;239;110;129;246;142;104;186;109;77;
1015052;"Lipce Reymontowskie (2)";3390;1647;1743;178;95;83;224;110;114;262;127;135;265;143;122;239;117;122;
1015062;"Maków (2)";6151;3064;3087;342;188;154;474;256;218;464;236;228;467;249;218;432;214;218;
1015072;"Nowy Kawęczyn (2)";3398;1695;1703;180;83;97;250;133;117;228;120;108;248;133;115;213;102;111;
1015082;"Skierniewice (2)";6759;3325;3434;345;170;175;478;239;239;531;270;261;561;291;270;492;271;221;
1015092;"Słupia (2)";2776;1385;1391;156;89;67;205;87;118;219;112;107;233;121;112;221;130;91;
1016000;"Powiat tomaszowski";122735;59297;63438;6245;3197;3048;7587;3980;3607;8649;4338;4311;9982;5123;4859;9116;4720;4396;
1016011;"Tomaszów Mazowiecki (1)";67998;32054;35944;3272;1672;1600;3842;1999;1843;4478;2220;2258;5567;2866;2701;5187;2648;2539;
1016022;"Będków (2)";3644;1837;1807;197;116;81;269;160;109;283;140;143;248;138;110;247;123;124;
1016032;"Budziszewice (2)";2257;1124;1133;111;59;52;141;75;66;166;84;82;172;89;83;149;74;75;
1016042;"Czerniewice (2)";5243;2647;2596;269;137;132;348;165;183;441;218;223;473;262;211;375;208;167;
1016052;"Inowłódz (2)";3866;1867;1999;201;96;105;259;136;123;244;110;134;298;136;162;243;132;111;
1016062;"Lubochnia (2)";7672;3889;3783;505;282;223;593;345;248;598;299;299;621;314;307;548;294;254;
1016072;"Rokiciny (2)";5927;2898;3029;289;129;160;385;204;181;396;211;185;486;246;240;419;214;205;
1016082;"Rzeczyca (2)";5098;2634;2464;300;173;127;397;214;183;415;207;208;400;203;197;314;181;133;
1016092;"Tomaszów Mazowiecki (2)";9557;4711;4846;521;253;268;624;319;305;781;401;380;831;412;419;740;391;349;
1016102;"Ujazd (2)";7891;3842;4049;379;182;197;490;252;238;610;315;295;640;337;303;637;326;311;
1016112;"Żelechlinek (2)";3582;1794;1788;201;98;103;239;111;128;237;133;104;246;120;126;257;129;128;
1017000;"Powiat wieluński";79441;38772;40669;4431;2294;2137;5309;2683;2626;6199;3200;2999;6674;3409;3265;5837;3004;2833;
1017012;"Biała (2)";5565;2754;2811;329;175;154;389;197;192;448;237;211;437;222;215;415;211;204;
1017022;"Czarnożyły (2)";4632;2335;2297;290;164;126;304;157;147;385;195;190;327;173;154;330;177;153;
1017032;"Konopnica (2)";4126;2036;2090;239;125;114;231;120;111;292;159;133;309;149;160;315;171;144;
1017042;"Mokrsko (2)";5506;2728;2778;322;180;142;398;214;184;403;206;197;463;255;208;392;199;193;
1017052;"Osjaków (2)";4757;2355;2402;280;154;126;355;169;186;364;184;180;385;188;197;350;175;175;
1017062;"Ostrówek (2)";4692;2303;2389;272;133;139;314;168;146;311;151;160;366;194;172;346;178;168;
1017072;"Pątnów (2)";6533;3242;3291;434;210;224;516;260;256;488;245;243;510;263;247;512;276;236;
1017082;"Skomlin (2)";3541;1757;1784;209;116;93;247;113;134;271;138;133;324;189;135;249;126;123;
1017093;"Wieluń (3)";33382;15909;17473;1633;814;819;2054;1027;1027;2707;1403;1304;3024;1504;1520;2449;1248;1201;
1017094;"Wieluń - miasto (4)";24803;11652;13151;1155;569;586;1459;745;714;2085;1085;1000;2360;1171;1189;1831;908;923;
1017095;"Wieluń - obszar wiejski (5)";8579;4257;4322;478;245;233;595;282;313;622;318;304;664;333;331;618;340;278;
1017102;"Wierzchlas (2)";6707;3353;3354;423;223;200;501;258;243;530;282;248;529;272;257;479;243;236;
1018000;"Powiat wieruszowski";42580;21055;21525;2481;1251;1230;3015;1539;1476;3313;1755;1558;3600;1852;1748;3173;1687;1486;
1018012;"Bolesławiec (2)";4173;2115;2058;199;103;96;287;138;149;331;161;170;319;169;150;251;137;114;
1018022;"Czastary (2)";4113;2077;2036;229;117;112;308;152;156;312;165;147;351;193;158;291;161;130;
1018032;"Galewice (2)";6215;3059;3156;378;176;202;460;222;238;507;258;249;497;239;258;464;264;200;
1018042;"Lututów (2)";4922;2426;2496;263;134;129;339;169;170;373;207;166;458;224;234;326;180;146;
1018052;"Łubnice (2)";4256;2121;2135;279;137;142;337;183;154;323;182;141;345;176;169;323;172;151;
1018062;"Sokolniki (2)";4941;2450;2491;304;165;139;342;184;158;355;188;167;403;201;202;378;187;191;
1018073;"Wieruszów (3)";13960;6807;7153;829;419;410;942;491;451;1112;594;518;1227;650;577;1140;586;554;
1018074;"Wieruszów - miasto (4)";8762;4217;4545;482;240;242;531;278;253;698;377;321;813;425;388;741;383;358;
1018075;"Wieruszów - obszar wiejski (5)";5198;2590;2608;347;179;168;411;213;198;414;217;197;414;225;189;399;203;196;
1019000;"Powiat zduńskowolski";68295;33174;35121;3591;1863;1728;4405;2246;2159;5250;2678;2572;5996;3183;2813;5270;2725;2545;
1019011;"Zduńska Wola (1)";45308;21550;23758;2247;1144;1103;2710;1374;1336;3479;1770;1709;4160;2215;1945;3552;1793;1759;
1019023;"Szadek (3)";7465;3723;3742;392;209;183;542;280;262;558;264;294;605;311;294;523;282;241;
1019024;"Szadek - miasto (4)";2139;1023;1116;125;69;56;149;73;76;168;79;89;161;83;78;178;89;89;
1019025;"Szadek - obszar wiejski (5)";5326;2700;2626;267;140;127;393;207;186;390;185;205;444;228;216;345;193;152;
1019032;"Zapolice (2)";4720;2445;2275;267;140;127;340;187;153;370;197;173;379;215;164;380;215;165;
1019042;"Zduńska Wola (2)";10802;5456;5346;685;370;315;813;405;408;843;447;396;852;442;410;815;435;380;
1020000;"Powiat zgierski";159888;76416;83472;7469;3854;3615;9224;4771;4453;10436;5295;5141;12401;6381;6020;12260;6201;6059;
1020011;"Głowno (1)";15278;7283;7995;731;388;343;850;451;399;954;495;459;1173;613;560;1214;625;589;
1020021;"Ozorków (1)";21226;9956;11270;951;479;472;1216;610;606;1413;722;691;1764;888;876;1664;834;830;
1020031;"Zgierz (1)";58641;27421;31220;2447;1244;1203;3134;1628;1506;3667;1836;1831;4516;2254;2262;4500;2229;2271;
1020043;"Aleksandrów Łódzki (3)";25089;12087;13002;1143;595;548;1407;730;677;1631;855;776;1929;1024;905;1988;985;1003;
1020044;"Aleksandrów Łódzki - miasto (4)";20173;9554;10619;874;463;411;1102;562;540;1262;656;606;1542;835;707;1613;793;820;
1020045;"Aleksandrów Łódzki - obszar wiejski (5)";4916;2533;2383;269;132;137;305;168;137;369;199;170;387;189;198;375;192;183;
1020052;"Głowno (2)";5109;2564;2545;295;161;134;369;207;162;407;187;220;349;184;165;351;191;160;
1020062;"Ozorków (2)";6470;3243;3227;374;181;193;459;229;230;454;248;206;502;268;234;479;255;224;
1020072;"Parzęczew (2)";5417;2798;2619;312;167;145;397;211;186;438;219;219;405;206;199;421;236;185;
1020083;"Stryków (3)";11954;5823;6131;595;322;273;692;351;341;725;367;358;960;513;447;919;471;448;
1020084;"Stryków - miasto (4)";3630;1749;1881;167;101;66;173;87;86;224;107;117;279;155;124;269;134;135;
1020085;"Stryków - obszar wiejski (5)";8324;4074;4250;428;221;207;519;264;255;501;260;241;681;358;323;650;337;313;
1020092;"Zgierz (2)";10704;5241;5463;621;317;304;700;354;346;747;366;381;803;431;372;724;375;349;
1061000;"Powiat m.Łódź";798418;365092;433326;27763;14366;13397;33988;17293;16695;41457;21128;20329;58549;29542;29007;68177;33270;34907;
1061011;"Łódź (1)";798418;365092;433326;27763;14366;13397;33988;17293;16695;41457;21128;20329;58549;29542;29007;68177;33270;34907;
1062000;"Powiat m.Piotrków Trybunalski";81238;38462;42776;3979;2047;1932;4445;2248;2197;5274;2707;2567;6924;3415;3509;7032;3450;3582;
1062011;"Piotrków Trybunalski (1)";81238;38462;42776;3979;2047;1932;4445;2248;2197;5274;2707;2567;6924;3415;3509;7032;3450;3582;
1063000;"Powiat m.Skierniewice";48434;23395;25039;2262;1225;1037;2862;1511;1351;3669;1892;1777;4276;2215;2061;3869;1951;1918;
1063011;"Skierniewice (1)";48434;23395;25039;2262;1225;1037;2862;1511;1351;3669;1892;1777;4276;2215;2061;3869;1951;1918;
1200000;"MAŁOPOLSKIE";3229139;1568160;1660979;182372;93238;89134;219178;112170;107008;249343;128103;121240;283190;143756;139434;274867;139709;135158;
1201000;"Powiat bocheński";97328;47834;49494;6232;3211;3021;7599;3881;3718;8728;4504;4224;8936;4463;4473;7727;4005;3722;
1201011;"Bochnia (1)";29335;14100;15235;1657;836;821;1837;940;897;2338;1194;1144;2792;1383;1409;2603;1321;1282;
1201022;"Bochnia (2)";16533;8159;8374;1082;574;508;1323;681;642;1493;762;731;1531;769;762;1235;650;585;
1201032;"Drwinia (2)";6225;3091;3134;375;170;205;437;215;222;548;291;257;569;291;278;477;238;239;
1201042;"Lipnica Murowana (2)";5425;2716;2709;368;191;177;484;260;224;573;284;289;505;252;253;384;205;179;
1201052;"Łapanów (2)";7294;3676;3618;574;314;260;659;335;324;638;311;327;675;368;307;565;309;256;
1201063;"Nowy Wiśnicz (3)";12486;6184;6302;841;445;396;1078;549;529;1139;575;564;1165;537;628;948;515;433;
1201064;"Nowy Wiśnicz - miasto (4)";2688;1303;1385;158;81;77;194;96;98;246;123;123;331;143;188;195;107;88;
1201065;"Nowy Wiśnicz - obszar wiejski (5)";9798;4881;4917;683;364;319;884;453;431;893;452;441;834;394;440;753;408;345;
1201072;"Rzezawa (2)";10279;5056;5223;649;320;329;910;455;455;1017;558;459;907;460;447;750;361;389;
1201082;"Trzciana (2)";4955;2454;2501;366;196;170;459;228;231;499;255;244;379;191;188;375;196;179;
1201092;"Żegocina (2)";4796;2398;2398;320;165;155;412;218;194;483;274;209;413;212;201;390;210;180;
1202000;"Powiat brzeski";88845;43863;44982;5771;3018;2753;7077;3595;3482;7867;4146;3721;7874;4057;3817;7025;3587;3438;
1202012;"Borzęcin (2)";8349;4099;4250;558;304;254;689;331;358;732;387;345;713;370;343;601;297;304;
1202023;"Brzesko (3)";35083;17259;17824;2155;1150;1005;2579;1343;1236;3059;1621;1438;3207;1690;1517;2859;1465;1394;
1202024;"Brzesko - miasto (4)";17189;8278;8911;910;477;433;1078;553;525;1387;731;656;1698;878;820;1526;773;753;
1202025;"Brzesko - obszar wiejski (5)";17894;8981;8913;1245;673;572;1501;790;711;1672;890;782;1509;812;697;1333;692;641;
1202033;"Czchów (3)";8955;4449;4506;637;323;314;771;400;371;878;437;441;845;443;402;741;381;360;
1202034;"Czchów - miasto (4)";2173;1064;1109;147;77;70;184;86;98;203;97;106;177;87;90;178;95;83;
1202035;"Czchów - obszar wiejski (5)";6782;3385;3397;490;246;244;587;314;273;675;340;335;668;356;312;563;286;277;
1202042;"Dębno (2)";13597;6720;6877;863;445;418;1211;611;600;1261;700;561;1321;603;718;1049;540;509;
1202052;"Gnojnik (2)";7065;3490;3575;504;270;234;585;298;287;637;324;313;589;307;282;566;284;282;
1202062;"Iwkowa (2)";5828;2901;2927;486;247;239;502;235;267;499;250;249;421;221;200;465;226;239;
1202072;"Szczurowa (2)";9968;4945;5023;568;279;289;740;377;363;801;427;374;778;423;355;744;394;350;
1203000;"Powiat chrzanowski";129394;62987;66407;6070;3078;2992;7611;3903;3708;9423;4907;4516;11147;5749;5398;10208;5231;4977;
1203013;"Alwernia (3)";12418;6139;6279;603;293;310;808;415;393;985;521;464;1038;556;482;919;474;445;
1203014;"Alwernia - miasto (4)";3276;1621;1655;127;69;58;217;117;100;282;148;134;338;169;169;246;120;126;
1203015;"Alwernia - obszar wiejski (5)";9142;4518;4624;476;224;252;591;298;293;703;373;330;700;387;313;673;354;319;
1203022;"Babice (2)";8554;4220;4334;470;232;238;598;340;258;645;332;313;616;316;300;628;304;324;
1203033;"Chrzanów (3)";51060;24548;26512;2259;1140;1119;2804;1437;1367;3519;1805;1714;4444;2276;2168;4109;2118;1991;
1203034;"Chrzanów - miasto (4)";41130;19742;21388;1816;921;895;2211;1128;1083;2841;1464;1377;3697;1889;1808;3408;1744;1664;
1203035;"Chrzanów - obszar wiejski (5)";9930;4806;5124;443;219;224;593;309;284;678;341;337;747;387;360;701;374;327;
1203043;"Libiąż (3)";22962;11311;11651;1179;600;579;1466;739;727;1879;963;916;2074;1050;1024;1934;982;952;
1203044;"Libiąż - miasto (4)";17741;8772;8969;885;453;432;1124;566;558;1509;788;721;1679;862;817;1537;788;749;
1203045;"Libiąż - obszar wiejski (5)";5221;2539;2682;294;147;147;342;173;169;370;175;195;395;188;207;397;194;203;
1203053;"Trzebinia (3)";34400;16769;17631;1559;813;746;1935;972;963;2395;1286;1109;2975;1551;1424;2618;1353;1265;
1203054;"Trzebinia - miasto (4)";19420;9463;9957;834;447;387;1058;520;538;1286;711;575;1725;878;847;1599;837;762;
1203055;"Trzebinia - obszar wiejski (5)";14980;7306;7674;725;366;359;877;452;425;1109;575;534;1250;673;577;1019;516;503;
1204000;"Powiat dąbrowski";58327;28994;29333;3608;1821;1787;4594;2361;2233;4972;2569;2403;5326;2710;2616;4632;2398;2234;
1204012;"Bolesław (2)";2986;1472;1514;161;84;77;211;126;85;255;132;123;216;107;109;175;82;93;
1204023;"Dąbrowa Tarnowska (3)";19721;9723;9998;1176;594;582;1496;760;736;1703;894;809;1975;1014;961;1676;883;793;
1204024;"Dąbrowa Tarnowska - miasto (4)";11163;5371;5792;580;308;272;787;391;396;959;496;463;1202;595;607;978;503;475;
1204025;"Dąbrowa Tarnowska - obszar wiejski (5)";8558;4352;4206;596;286;310;709;369;340;744;398;346;773;419;354;698;380;318;
1204032;"Gręboszów (2)";3652;1775;1877;148;67;81;284;145;139;322;147;175;280;133;147;222;118;104;
1204042;"Mędrzechów (2)";3642;1807;1835;241;123;118;290;144;146;288;138;150;259;131;128;254;153;101;
1204052;"Olesno (2)";7671;3805;3866;476;253;223;637;328;309;660;337;323;774;371;403;651;317;334;
1204062;"Radgoszcz (2)";7186;3634;3552;542;270;272;645;341;304;608;319;289;636;330;306;549;265;284;
1204072;"Szczucin (2)";13469;6778;6691;864;430;434;1031;517;514;1136;602;534;1186;624;562;1105;580;525;
1205000;"Powiat gorlicki";106034;52128;53906;6527;3381;3146;7906;4107;3799;9512;4910;4602;9749;4983;4766;7814;4081;3733;
1205011;"Gorlice (1)";29144;13910;15234;1330;693;637;1675;862;813;2469;1276;1193;3028;1529;1499;2201;1136;1065;
1205023;"Biecz (3)";16914;8270;8644;995;503;492;1286;678;608;1465;766;699;1437;718;719;1201;621;580;
1205024;"Biecz - miasto (4)";4748;2296;2452;232;129;103;299;172;127;435;233;202;417;201;216;329;166;163;
1205025;"Biecz - obszar wiejski (5)";12166;5974;6192;763;374;389;987;506;481;1030;533;497;1020;517;503;872;455;417;
1205032;"Bobowa (2)";9045;4530;4515;743;366;377;824;434;390;889;465;424;900;446;454;751;383;368;
1205042;"Gorlice (2)";15733;7808;7925;1042;536;506;1246;656;590;1416;727;689;1307;687;620;1070;583;487;
1205052;"Lipinki (2)";6773;3327;3446;416;217;199;478;244;234;592;297;295;571;291;280;489;243;246;
1205062;"Łużna (2)";8018;4001;4017;548;300;248;652;342;310;733;387;346;731;380;351;564;292;272;
1205072;"Moszczenica (2)";4689;2333;2356;313;169;144;368;185;183;430;207;223;426;219;207;330;175;155;
1205082;"Ropa (2)";4905;2467;2438;375;187;188;426;227;199;465;245;220;421;211;210;397;203;194;
1205092;"Sękowa (2)";4636;2334;2302;299;151;148;392;209;183;418;219;199;356;194;162;318;182;136;
1205102;"Uście Gorlickie (2)";6177;3148;3029;466;259;207;559;270;289;635;321;314;572;308;264;493;263;230;
1206000;"Powiat krakowski";237052;115892;121160;13437;6817;6620;16145;8170;7975;18540;9475;9065;20080;10290;9790;18936;9643;9293;
1206012;"Czernichów (2)";12654;6174;6480;719;358;361;923;482;441;997;516;481;1103;555;548;964;498;466;
1206022;"Igołomia-Wawrzeńczyce (2)";7717;3794;3923;464;235;229;529;261;268;585;296;289;649;346;303;679;339;340;
1206032;"Iwanowice (2)";8009;4063;3946;474;244;230;557;288;269;634;335;299;583;302;281;605;340;265;
1206042;"Jerzmanowice-Przeginia (2)";10309;5089;5220;650;334;316;756;381;375;787;402;385;865;428;437;823;415;408;
1206052;"Kocmyrzów-Luborzyca (2)";12606;6163;6443;783;409;374;921;445;476;950;483;467;1062;551;511;970;466;504;
1206063;"Krzeszowice (3)";31284;15032;16252;1487;753;734;1864;943;921;2221;1116;1105;2505;1231;1274;2494;1241;1253;
1206064;"Krzeszowice - miasto (4)";10244;4775;5469;442;217;225;519;249;270;645;318;327;816;396;420;869;421;448;
1206065;"Krzeszowice - obszar wiejski (5)";21040;10257;10783;1045;536;509;1345;694;651;1576;798;778;1689;835;854;1625;820;805;
1206072;"Liszki (2)";14816;7312;7504;881;433;448;1042;569;473;1291;655;636;1412;708;704;1284;677;607;
1206082;"Michałowice (2)";7072;3530;3542;421;214;207;516;255;261;557;310;247;600;319;281;552;286;266;
1206092;"Mogilany (2)";10116;4945;5171;665;330;335;750;344;406;857;435;422;903;444;459;794;379;415;
1206103;"Skała (3)";9461;4747;4714;544;288;256;610;309;301;711;388;323;790;415;375;680;340;340;
1206104;"Skała - miasto (4)";3696;1793;1903;200;108;92;258;126;132;293;165;128;338;165;173;272;120;152;
1206105;"Skała - obszar wiejski (5)";5765;2954;2811;344;180;164;352;183;169;418;223;195;452;250;202;408;220;188;
1206113;"Skawina (3)";41111;20029;21082;2332;1188;1144;2832;1465;1367;3395;1772;1623;3629;1910;1719;3416;1734;1682;
1206114;"Skawina - miasto (4)";23875;11546;12329;1242;624;618;1491;788;703;1826;969;857;2113;1137;976;2048;1034;1014;
1206115;"Skawina - obszar wiejski (5)";17236;8483;8753;1090;564;526;1341;677;664;1569;803;766;1516;773;743;1368;700;668;
1206123;"Słomniki (3)";13695;6659;7036;765;376;389;894;433;461;1072;510;562;1099;573;526;1139;558;581;
1206124;"Słomniki - miasto (4)";4451;2099;2352;237;118;119;275;129;146;322;154;168;326;167;159;386;189;197;
1206125;"Słomniki - obszar wiejski (5)";9244;4560;4684;528;258;270;619;304;315;750;356;394;773;406;367;753;369;384;
1206132;"Sułoszowa (2)";5923;2951;2972;381;183;198;423;219;204;441;216;225;488;234;254;478;256;222;
1206143;"Świątniki Górne (3)";8418;4128;4290;581;285;296;646;335;311;766;379;387;751;385;366;657;336;321;
1206144;"Świątniki Górne - miasto (4)";2062;1011;1051;135;70;65;126;64;62;202;98;104;167;97;70;141;73;68;
1206145;"Świątniki Górne - obszar wiejski (5)";6356;3117;3239;446;215;231;520;271;249;564;281;283;584;288;296;516;263;253;
1206152;"Wielka Wieś (2)";8659;4232;4427;524;257;267;578;307;271;648;354;294;731;378;353;683;322;361;
1206162;"Zabierzów (2)";21200;10202;10998;1007;534;473;1305;634;671;1538;770;768;1771;945;826;1666;900;766;
1206172;"Zielonki (2)";14002;6842;7160;759;396;363;999;500;499;1090;538;552;1139;566;573;1052;556;496;
1207000;"Powiat limanowski";117595;58839;58756;9350;4750;4600;10431;5345;5086;10649;5444;5205;10781;5594;5187;9207;4809;4398;
1207011;"Limanowa (1)";14457;6998;7459;865;442;423;1101;552;549;1290;659;631;1551;797;754;1119;583;536;
1207021;"Mszana Dolna (1)";7270;3485;3785;509;256;253;590;310;280;634;306;328;665;336;329;519;261;258;
1207032;"Dobra (2)";9278;4640;4638;686;333;353;758;392;366;840;424;416;823;442;381;689;355;334;
1207042;"Jodłownik (2)";7911;3948;3963;608;304;304;671;337;334;731;362;369;706;389;317;608;336;272;
1207052;"Kamienica (2)";7001;3532;3469;559;276;283;664;327;337;622;314;308;596;329;267;562;294;268;
1207062;"Laskowa (2)";7112;3605;3507;662;328;334;635;330;305;630;329;301;624;323;301;561;308;253;
1207072;"Limanowa (2)";21939;11044;10895;1780;917;863;2013;1043;970;2037;1047;990;1979;1038;941;1761;908;853;
1207082;"Łukowica (2)";8879;4427;4452;728;365;363;823;408;415;789;410;379;798;388;410;732;380;352;
1207092;"Mszana Dolna (2)";15743;8082;7661;1344;720;624;1429;756;673;1377;729;648;1350;706;644;1221;645;576;
1207102;"Niedźwiedź (2)";6470;3333;3137;553;293;260;641;326;315;623;315;308;596;295;301;534;281;253;
1207112;"Słopnice (2)";5558;2818;2740;589;284;305;566;293;273;519;270;249;479;249;230;476;244;232;
1207122;"Tymbark (2)";5977;2927;3050;467;232;235;540;271;269;557;279;278;614;302;312;425;214;211;
1208000;"Powiat miechowski";51989;25485;26504;2592;1322;1270;3363;1710;1653;3684;1899;1785;4128;2172;1956;3782;1981;1801;
1208012;"Charsznica (2)";7959;3912;4047;440;223;217;521;263;258;554;292;262;567;313;254;594;325;269;
1208022;"Gołcza (2)";6416;3220;3196;318;152;166;458;225;233;482;248;234;463;247;216;425;247;178;
1208032;"Kozłów (2)";5155;2550;2605;257;129;128;376;197;179;353;198;155;359;196;163;397;214;183;
1208042;"Książ Wielki (2)";5717;2772;2945;285;152;133;335;163;172;399;192;207;500;262;238;369;195;174;
1208053;"Miechów (3)";20122;9682;10440;968;489;479;1241;637;604;1440;730;710;1727;882;845;1549;753;796;
1208054;"Miechów - miasto (4)";11872;5552;6320;536;264;272;699;357;342;886;449;437;1033;506;527;941;455;486;
1208055;"Miechów - obszar wiejski (5)";8250;4130;4120;432;225;207;542;280;262;554;281;273;694;376;318;608;298;310;
1208062;"Racławice (2)";2608;1344;1264;143;91;52;170;91;79;205;106;99;189;108;81;160;84;76;
1208072;"Słaboszów (2)";4012;2005;2007;181;86;95;262;134;128;251;133;118;323;164;159;288;163;125;
1209000;"Powiat myślenicki";112820;56094;56726;7707;3939;3768;9306;4778;4528;10083;5165;4918;10548;5413;5135;9004;4665;4339;
1209013;"Dobczyce (3)";13514;6692;6822;873;466;407;1126;575;551;1217;629;588;1456;750;706;1054;546;508;
1209014;"Dobczyce - miasto (4)";5996;2905;3091;341;180;161;484;246;238;564;278;286;749;388;361;454;236;218;
1209015;"Dobczyce - obszar wiejski (5)";7518;3787;3731;532;286;246;642;329;313;653;351;302;707;362;345;600;310;290;
1209022;"Lubień (2)";8927;4434;4493;716;344;372;783;396;387;793;398;395;824;435;389;636;324;312;
1209033;"Myślenice (3)";39372;19426;19946;2455;1292;1163;3077;1577;1500;3383;1786;1597;3630;1839;1791;3184;1637;1547;
1209034;"Myślenice - miasto (4)";17894;8643;9251;967;516;451;1146;593;553;1357;721;636;1675;823;852;1462;733;729;
1209035;"Myślenice - obszar wiejski (5)";21478;10783;10695;1488;776;712;1931;984;947;2026;1065;961;1955;1016;939;1722;904;818;
1209042;"Pcim (2)";9995;5031;4964;768;391;377;876;452;424;852;407;445;887;447;440;810;426;384;
1209052;"Raciechowice (2)";5922;2964;2958;376;205;171;485;247;238;565;282;283;522;285;237;476;250;226;
1209062;"Siepraw (2)";7499;3692;3807;516;276;240;569;292;277;715;339;376;670;334;336;624;336;288;
1209073;"Sułkowice (3)";13223;6545;6678;905;443;462;1098;568;530;1197;629;568;1248;633;615;1071;509;562;
1209074;"Sułkowice - miasto (4)";6165;3034;3131;430;208;222;491;254;237;551;286;265;583;291;292;519;248;271;
1209075;"Sułkowice - obszar wiejski (5)";7058;3511;3547;475;235;240;607;314;293;646;343;303;665;342;323;552;261;291;
1209082;"Tokarnia (2)";7795;4030;3765;635;306;329;711;380;331;756;383;373;725;384;341;624;365;259;
1209092;"Wiśniowa (2)";6573;3280;3293;463;216;247;581;291;290;605;312;293;586;306;280;525;272;253;
1210000;"Powiat nowosądecki";190869;95284;95585;14755;7561;7194;16867;8699;8168;18074;9283;8791;17940;9281;8659;14947;7630;7317;
1210011;"Grybów (1)";6277;3055;3222;406;213;193;462;233;229;531;286;245;597;295;302;479;240;239;
1210022;"Chełmiec (2)";22778;11424;11354;1777;885;892;2120;1088;1032;2254;1199;1055;2216;1143;1073;1775;884;891;
1210032;"Gródek nad Dunajcem (2)";8675;4380;4295;758;388;370;814;435;379;782;399;383;746;364;382;695;345;350;
1210042;"Grybów (2)";21446;10815;10631;1850;970;880;1988;1022;966;1997;1002;995;1946;1033;913;1627;844;783;
1210052;"Kamionka Wielka (2)";8559;4293;4266;749;355;394;836;426;410;827;423;404;759;364;395;685;363;322;
1210062;"Korzenna (2)";12947;6533;6414;1076;564;512;1194;632;562;1298;657;641;1188;649;539;1044;534;510;
1210073;"Krynica-Zdrój (3)";17200;8203;8997;999;501;498;1298;677;621;1530;798;732;1625;807;818;1203;605;598;
1210074;"Krynica-Zdrój - miasto (4)";11931;5507;6424;541;276;265;762;386;376;968;496;472;1109;551;558;760;383;377;
1210075;"Krynica-Zdrój - obszar wiejski (5)";5269;2696;2573;458;225;233;536;291;245;562;302;260;516;256;260;443;222;221;
1210082;"Łabowa (2)";4925;2474;2451;436;212;224;495;254;241;537;278;259;505;252;253;403;197;206;
1210092;"Łącko (2)";14410;7268;7142;1150;597;553;1260;641;619;1373;711;662;1307;672;635;1110;574;536;
1210102;"Łososina Dolna (2)";9334;4707;4627;745;388;357;811;413;398;886;460;426;860;453;407;793;386;407;
1210113;"Muszyna (3)";10877;5358;5519;755;406;349;888;438;450;975;520;455;1081;544;537;898;465;433;
1210114;"Muszyna - miasto (4)";5013;2422;2591;303;163;140;373;182;191;432;235;197;478;235;243;392;218;174;
1210115;"Muszyna - obszar wiejski (5)";5864;2936;2928;452;243;209;515;256;259;543;285;258;603;309;294;506;247;259;
1210122;"Nawojowa (2)";7234;3617;3617;606;303;303;679;348;331;696;358;338;677;343;334;610;289;321;
1210133;"Piwniczna-Zdrój (3)";10142;5069;5073;716;372;344;830;439;391;943;464;479;925;483;442;828;426;402;
1210134;"Piwniczna-Zdrój - miasto (4)";5761;2883;2878;376;196;180;466;247;219;547;270;277;514;284;230;446;235;211;
1210135;"Piwniczna-Zdrój - obszar wiejski (5)";4381;2186;2195;340;176;164;364;192;172;396;194;202;411;199;212;382;191;191;
1210142;"Podegrodzie (2)";10993;5518;5475;885;433;452;1056;541;515;1092;550;542;961;497;464;860;444;416;
1210152;"Rytro (2)";3612;1826;1786;255;124;131;304;178;126;333;163;170;379;202;177;282;153;129;
1210163;"Stary Sącz (3)";21460;10744;10716;1592;850;742;1832;934;898;2020;1015;1005;2168;1180;988;1655;881;774;
1210164;"Stary Sącz - miasto (4)";8939;4395;4544;563;289;274;651;330;321;758;388;370;1041;587;454;699;372;327;
1210165;"Stary Sącz - obszar wiejski (5)";12521;6349;6172;1029;561;468;1181;604;577;1262;627;635;1127;593;534;956;509;447;
1211000;"Powiat nowotarski";177409;87011;90398;12365;6321;6044;14924;7587;7337;15675;7912;7763;16067;7985;8082;13785;6998;6787;
1211011;"Nowy Targ (1)";33089;15773;17316;1932;974;958;2448;1261;1187;2695;1337;1358;3074;1537;1537;2702;1371;1331;
1211021;"Szczawnica (1)";7332;3529;3803;412;208;204;564;293;271;636;342;294;631;316;315;530;282;248;
1211032;"Czarny Dunajec (2)";20610;10150;10460;1466;763;703;1826;935;891;1845;919;926;1803;911;892;1603;785;818;
1211042;"Czorsztyn (2)";6895;3380;3515;500;271;229;572;269;303;631;306;325;685;329;356;510;250;260;
1211052;"Jabłonka (2)";16302;8115;8187;1343;715;628;1547;778;769;1500;768;732;1479;728;751;1250;623;627;
1211062;"Krościenko nad Dunajcem (2)";6255;3096;3159;384;206;178;483;242;241;527;264;263;548;280;268;496;257;239;
1211072;"Lipnica Wielka (2)";5376;2661;2715;439;214;225;528;272;256;569;296;273;501;234;267;444;221;223;
1211082;"Łapsze Niżne (2)";8613;4276;4337;601;282;319;722;376;346;769;388;381;817;372;445;723;366;357;
1211092;"Nowy Targ (2)";21275;10611;10664;1586;808;778;1921;965;956;1946;990;956;1905;916;989;1754;901;853;
1211102;"Ochotnica Dolna (2)";7668;3889;3779;633;326;307;732;366;366;677;326;351;676;348;328;544;295;249;
1211112;"Raba Wyżna (2)";12966;6443;6523;919;465;454;1073;546;527;1134;590;544;1210;606;604;1071;534;537;
1211123;"Rabka-Zdrój (3)";17205;8160;9045;1066;527;539;1219;639;580;1456;739;717;1496;758;738;1146;593;553;
1211124;"Rabka-Zdrój - miasto (4)";13088;6116;6972;759;369;390;861;450;411;1070;555;515;1082;564;518;869;448;421;
1211125;"Rabka-Zdrój - obszar wiejski (5)";4117;2044;2073;307;158;149;358;189;169;386;184;202;414;194;220;277;145;132;
1211132;"Spytkowice (2)";3919;1951;1968;333;175;158;364;186;178;365;184;181;336;171;165;280;137;143;
1211142;"Szaflary (2)";9904;4977;4927;751;387;364;925;459;466;925;463;462;906;479;427;732;383;349;
1212000;"Powiat olkuski";121796;59581;62215;6059;3082;2977;7355;3759;3596;8952;4581;4371;10316;5313;5003;9674;4992;4682;
1212011;"Bukowno (1)";10833;5222;5611;465;234;231;676;347;329;792;413;379;905;435;470;739;392;347;
1212021;"Sławków (1)";6713;3213;3500;291;159;132;329;146;183;410;223;187;583;303;280;615;308;307;
1212032;"Bolesław (2)";7746;3766;3980;374;196;178;467;222;245;515;265;250;557;286;271;533;256;277;
1212042;"Klucze (2)";14906;7287;7619;747;363;384;905;470;435;1069;540;529;1181;624;557;1112;571;541;
1212053;"Olkusz (3)";50887;24893;25994;2416;1241;1175;2904;1478;1426;3872;1993;1879;4804;2492;2312;4423;2292;2131;
1212054;"Olkusz - miasto (4)";38399;18700;19699;1733;887;846;2055;1069;986;2914;1516;1398;3805;1944;1861;3493;1812;1681;
1212055;"Olkusz - obszar wiejski (5)";12488;6193;6295;683;354;329;849;409;440;958;477;481;999;548;451;930;480;450;
1212062;"Trzyciąż (2)";7170;3639;3531;471;254;217;464;244;220;525;283;242;539;271;268;501;258;243;
1212073;"Wolbrom (3)";23541;11561;11980;1295;635;660;1610;852;758;1769;864;905;1747;902;845;1751;915;836;
1212074;"Wolbrom - miasto (4)";9235;4454;4781;463;231;232;619;324;295;708;339;369;702;358;344;661;349;312;
1212075;"Wolbrom - obszar wiejski (5)";14306;7107;7199;832;404;428;991;528;463;1061;525;536;1045;544;501;1090;566;524;
1213000;"Powiat oświęcimski";151842;74153;77689;7684;3950;3734;9809;4951;4858;11556;6003;5553;13006;6746;6260;11946;6163;5783;
1213011;"Oświęcim (1)";42347;20325;22022;1873;956;917;2366;1175;1191;2755;1408;1347;3506;1910;1596;3331;1714;1617;
1213023;"Brzeszcze (3)";21582;10549;11033;1064;558;506;1315;655;660;1652;851;801;1968;1013;955;1757;889;868;
1213024;"Brzeszcze - miasto (4)";11982;5776;6206;565;304;261;721;361;360;860;434;426;957;482;475;892;456;436;
1213025;"Brzeszcze - obszar wiejski (5)";9600;4773;4827;499;254;245;594;294;300;792;417;375;1011;531;480;865;433;432;
1213033;"Chełmek (3)";12916;6365;6551;644;335;309;809;390;419;982;518;464;1135;582;553;1066;553;513;
1213034;"Chełmek - miasto (4)";9215;4464;4751;450;249;201;577;270;307;699;354;345;842;420;422;794;417;377;
1213035;"Chełmek - obszar wiejski (5)";3701;1901;1800;194;86;108;232;120;112;283;164;119;293;162;131;272;136;136;
1213043;"Kęty (3)";33265;16285;16980;1736;865;871;2256;1148;1108;2774;1466;1308;2963;1497;1466;2703;1402;1301;
1213044;"Kęty - miasto (4)";19258;9214;10044;916;466;450;1228;603;625;1604;819;785;1771;908;863;1639;819;820;
1213045;"Kęty - obszar wiejski (5)";14007;7071;6936;820;399;421;1028;545;483;1170;647;523;1192;589;603;1064;583;481;
1213052;"Osiek (2)";6357;3159;3198;374;189;185;477;235;242;515;253;262;573;283;290;455;245;210;
1213062;"Oświęcim (2)";15839;7738;8101;843;416;427;1106;585;521;1303;684;619;1231;628;603;1148;562;586;
1213072;"Polanka Wielka (2)";4047;2003;2044;261;147;114;345;166;179;339;174;165;324;160;164;300;154;146;
1213082;"Przeciszów (2)";6653;3297;3356;383;208;175;455;248;207;514;258;256;542;268;274;531;278;253;
1213093;"Zator (3)";8836;4432;4404;506;276;230;680;349;331;722;391;331;764;405;359;655;366;289;
1213094;"Zator - miasto (4)";3672;1822;1850;219;115;104;263;151;112;293;143;150;307;172;135;293;165;128;
1213095;"Zator - obszar wiejski (5)";5164;2610;2554;287;161;126;417;198;219;429;248;181;457;233;224;362;201;161;
1214000;"Powiat proszowicki";43636;21552;22084;2477;1283;1194;3012;1537;1475;3349;1740;1609;3384;1745;1639;3314;1708;1606;
1214012;"Koniusza (2)";8530;4257;4273;508;267;241;600;326;274;714;367;347;696;353;343;602;309;293;
1214022;"Koszyce (2)";5754;2811;2943;294;148;146;383;191;192;460;216;244;399;218;181;378;195;183;
1214032;"Nowe Brzesko (2)";5779;2842;2937;311;171;140;420;217;203;418;225;193;461;227;234;451;237;214;
1214042;"Pałecznica (2)";3618;1851;1767;193;99;94;262;149;113;262;133;129;304;154;150;309;166;143;
1214053;"Proszowice (3)";16481;8044;8437;963;495;468;1096;531;565;1225;657;568;1302;667;635;1329;667;662;
1214054;"Proszowice - miasto (4)";6322;2993;3329;345;179;166;389;189;200;426;220;206;479;258;221;530;249;281;
1214055;"Proszowice - obszar wiejski (5)";10159;5051;5108;618;316;302;707;342;365;799;437;362;823;409;414;799;418;381;
1214062;"Radziemice (2)";3474;1747;1727;208;103;105;251;123;128;270;142;128;222;126;96;245;134;111;
1215000;"Powiat suski";80645;40006;40639;5299;2733;2566;6223;3206;3017;6723;3463;3260;6998;3539;3459;6250;3216;3034;
1215011;"Jordanów (1)";4978;2373;2605;277;137;140;379;184;195;436;214;222;482;252;230;371;196;175;
1215021;"Sucha Beskidzka (1)";9684;4638;5046;522;268;254;669;361;308;681;351;330;861;402;459;835;406;429;
1215032;"Budzów (2)";8118;4098;4020;629;301;328;632;310;322;740;392;348;757;401;356;641;325;316;
1215042;"Bystra-Sidzina (2)";6266;3184;3082;555;309;246;584;304;280;519;262;257;470;244;226;490;255;235;
1215052;"Jordanów (2)";10233;5122;5111;761;403;358;830;441;389;885;445;440;975;471;504;875;468;407;
1215063;"Maków Podhalański (3)";15635;7796;7839;948;493;455;1223;630;593;1250;671;579;1305;659;646;1120;572;548;
1215064;"Maków Podhalański - miasto (4)";5688;2745;2943;282;150;132;432;218;214;438;238;200;471;239;232;344;165;179;
1215065;"Maków Podhalański - obszar wiejski (5)";9947;5051;4896;666;343;323;791;412;379;812;433;379;834;420;414;776;407;369;
1215072;"Stryszawa (2)";11591;5724;5867;682;341;341;807;414;393;1013;517;496;1004;519;485;861;434;427;
1215082;"Zawoja (2)";8619;4363;4256;565;295;270;671;357;314;695;349;346;727;380;347;649;349;300;
1215092;"Zembrzyce (2)";5521;2708;2813;360;186;174;428;205;223;504;262;242;417;211;206;408;211;197;
1216000;"Powiat tarnowski";180414;89208;91206;12215;6187;6028;15009;7644;7365;16123;8321;7802;15830;8251;7579;13899;7114;6785;
1216013;"Ciężkowice (3)";10909;5538;5371;751;393;358;938;495;443;1015;507;508;1008;558;450;908;494;414;
1216014;"Ciężkowice - miasto (4)";2337;1142;1195;117;64;53;180;103;77;201;90;111;213;113;100;181;94;87;
1216015;"Ciężkowice - obszar wiejski (5)";8572;4396;4176;634;329;305;758;392;366;814;417;397;795;445;350;727;400;327;
1216022;"Gromnik (2)";8225;4106;4119;556;272;284;784;415;369;759;389;370;752;395;357;632;324;308;
1216032;"Lisia Góra (2)";12891;6352;6539;921;472;449;1086;541;545;1267;659;608;1193;589;604;1033;523;510;
1216042;"Pleśna (2)";11110;5571;5539;799;413;386;957;500;457;970;506;464;938;511;427;866;441;425;
1216052;"Radłów (2)";9583;4683;4900;592;310;282;766;396;370;851;444;407;868;438;430;690;350;340;
1216062;"Ryglice (2)";11247;5559;5688;837;435;402;992;484;508;967;500;467;930;457;473;874;447;427;
1216072;"Rzepiennik Strzyżewski (2)";6829;3374;3455;521;243;278;571;271;300;575;305;270;587;313;274;518;267;251;
1216082;"Skrzyszów (2)";12554;6218;6336;870;422;448;1088;566;522;1167;597;570;1119;597;522;984;504;480;
1216092;"Tarnów (2)";21403;10556;10847;1431;704;727;1795;901;894;1880;985;895;1771;914;857;1630;839;791;
1216103;"Tuchów (3)";17317;8545;8772;1140;616;524;1433;728;705;1554;807;747;1566;815;751;1305;658;647;
1216104;"Tuchów - miasto (4)";6347;3122;3225;384;209;175;445;234;211;526;282;244;572;306;266;501;258;243;
1216105;"Tuchów - obszar wiejski (5)";10970;5423;5547;756;407;349;988;494;494;1028;525;503;994;509;485;804;400;404;
1216112;"Wierzchosławice (2)";10454;5105;5349;637;319;318;770;392;378;868;460;408;911;480;431;834;403;431;
1216122;"Wietrzychowice (2)";4177;2055;2122;255;121;134;316;154;162;332;190;142;262;142;120;254;125;129;
1216132;"Wojnicz (2)";12724;6354;6370;899;481;418;1003;503;500;1100;550;550;1150;600;550;998;537;461;
1216142;"Zakliczyn (2)";12023;5944;6079;821;423;398;1009;514;495;1081;559;522;1085;588;497;1010;507;503;
1216153;"Żabno (3)";18968;9248;9720;1185;563;622;1501;784;717;1737;863;874;1690;854;836;1363;695;668;
1216154;"Żabno - miasto (4)";4289;2081;2208;242;109;133;318;159;159;384;185;199;410;204;206;343;175;168;
1216155;"Żabno - obszar wiejski (5)";14679;7167;7512;943;454;489;1183;625;558;1353;678;675;1280;650;630;1020;520;500;
1217000;"Powiat tatrzański";64920;31050;33870;3824;1940;1884;4883;2567;2316;5211;2642;2569;5570;2770;2800;4851;2489;2362;
1217011;"Zakopane (1)";28189;12830;15359;1305;656;649;1717;908;809;1925;968;957;2468;1211;1257;1945;994;951;
1217022;"Biały Dunajec (2)";6609;3247;3362;457;221;236;591;280;311;589;294;295;561;287;274;509;265;244;
1217032;"Bukowina Tatrzańska (2)";11996;6004;5992;807;420;387;967;506;461;1098;572;526;1024;496;528;976;504;472;
1217042;"Kościelisko (2)";7748;3842;3906;511;261;250;687;368;319;692;333;359;659;335;324;526;285;241;
1217052;"Poronin (2)";10378;5127;5251;744;382;362;921;505;416;907;475;432;858;441;417;895;441;454;
1218000;"Powiat wadowicki";153328;75178;78150;9326;4815;4511;11296;5762;5534;12762;6532;6230;13441;6880;6561;12284;6345;5939;
1218013;"Andrychów (3)";42647;20893;21754;2447;1276;1171;2936;1481;1455;3566;1834;1732;3825;1928;1897;3481;1807;1674;
1218014;"Andrychów - miasto (4)";22220;10641;11579;1094;560;534;1275;645;630;1761;901;860;2051;1037;1014;1908;972;936;
1218015;"Andrychów - obszar wiejski (5)";20427;10252;10175;1353;716;637;1661;836;825;1805;933;872;1774;891;883;1573;835;738;
1218022;"Brzeźnica (2)";9958;4844;5114;606;320;286;781;401;380;878;462;416;858;447;411;701;354;347;
1218033;"Kalwaria Zebrzydowska (3)";18904;9285;9619;1166;590;576;1446;716;730;1554;773;781;1600;850;750;1531;776;755;
1218034;"Kalwaria Zebrzydowska - miasto (4)";4477;2185;2292;227;112;115;304;151;153;294;149;145;390;198;192;391;222;169;
1218035;"Kalwaria Zebrzydowska - obszar wiejski (5)";14427;7100;7327;939;478;461;1142;565;577;1260;624;636;1210;652;558;1140;554;586;
1218042;"Lanckorona (2)";5688;2793;2895;359;196;163;449;242;207;456;224;232;551;276;275;501;273;228;
1218052;"Mucharz (2)";3795;1926;1869;204;108;96;297;152;145;319;187;132;315;168;147;263;141;122;
1218062;"Spytkowice (2)";9127;4445;4682;575;293;282;758;361;397;761;370;391;780;415;365;706;345;361;
1218072;"Stryszów (2)";6651;3268;3383;415;202;213;493;234;259;573;296;277;542;282;260;556;295;261;
1218082;"Tomice (2)";6992;3457;3535;474;231;243;562;289;273;591;297;294;661;316;345;549;289;260;
1218093;"Wadowice (3)";36960;17866;19094;2180;1107;1073;2539;1334;1205;2938;1487;1451;3222;1620;1602;3051;1586;1465;
1218094;"Wadowice - miasto (4)";19460;9194;10266;993;493;500;1159;620;539;1375;717;658;1691;867;824;1717;885;832;
1218095;"Wadowice - obszar wiejski (5)";17500;8672;8828;1187;614;573;1380;714;666;1563;770;793;1531;753;778;1334;701;633;
1218102;"Wieprz (2)";12606;6401;6205;900;492;408;1035;552;483;1126;602;524;1087;578;509;945;479;466;
1219000;"Powiat wielicki";100989;49005;51984;5929;2983;2946;7283;3752;3531;7958;4020;3938;8896;4508;4388;8124;4194;3930;
1219012;"Biskupice (2)";8321;4046;4275;567;268;299;610;311;299;729;383;346;738;363;375;649;321;328;
1219022;"Gdów (2)";15569;7729;7840;1073;556;517;1286;660;626;1322;650;672;1479;759;720;1277;684;593;
1219032;"Kłaj (2)";10854;5288;5566;619;333;286;763;402;361;922;466;456;932;472;460;901;479;422;
1219043;"Niepołomice (3)";21222;10218;11004;1253;629;624;1536;791;745;1745;868;877;1840;928;912;1639;824;815;
1219044;"Niepołomice - miasto (4)";7958;3808;4150;436;214;222;559;301;258;649;309;340;730;351;379;631;329;302;
1219045;"Niepołomice - obszar wiejski (5)";13264;6410;6854;817;415;402;977;490;487;1096;559;537;1110;577;533;1008;495;513;
1219053;"Wieliczka (3)";45023;21724;23299;2417;1197;1220;3088;1588;1500;3240;1653;1587;3907;1986;1921;3658;1886;1772;
1219054;"Wieliczka - miasto (4)";18059;8533;9526;820;398;422;1083;577;506;1091;575;516;1495;749;746;1445;749;696;
1219055;"Wieliczka - obszar wiejski (5)";26964;13191;13773;1597;799;798;2005;1011;994;2149;1078;1071;2412;1237;1175;2213;1137;1076;
1261000;"Powiat m.Kraków";758715;356119;402596;30539;15573;14966;35590;18213;17377;43727;22621;21106;63353;31372;31981;80645;39931;40714;
1261011;"Kraków (1)";758715;356119;402596;30539;15573;14966;35590;18213;17377;43727;22621;21106;63353;31372;31981;80645;39931;40714;
1262000;"Powiat m.Nowy Sącz";84370;40389;43981;4707;2455;2252;5782;2990;2792;6977;3539;3438;8493;4240;4253;7036;3493;3543;
1262011;"Nowy Sącz (1)";84370;40389;43981;4707;2455;2252;5782;2990;2792;6977;3539;3438;8493;4240;4253;7036;3493;3543;
1263000;"Powiat m.Tarnów";120822;57508;63314;5899;3018;2881;7113;3653;3460;8798;4427;4371;11327;5695;5632;9777;5036;4741;
1263011;"Tarnów (1)";120822;57508;63314;5899;3018;2881;7113;3653;3460;8798;4427;4371;11327;5695;5632;9777;5036;4741;
1400000;"MAZOWIECKIE";5115010;2459611;2655399;255295;130946;124349;305672;156393;149279;354916;182045;172871;419363;214286;205077;415945;212123;203822;
1401000;"Powiat białobrzeski";33654;16867;16787;2134;1122;1012;2660;1396;1264;2896;1453;1443;2925;1513;1412;2631;1429;1202;
1401013;"Białobrzegi (3)";10127;4953;5174;560;295;265;664;344;320;836;416;420;1012;502;510;917;495;422;
1401014;"Białobrzegi - miasto (4)";7171;3492;3679;365;198;167;429;226;203;562;292;270;709;372;337;698;371;327;
1401015;"Białobrzegi - obszar wiejski (5)";2956;1461;1495;195;97;98;235;118;117;274;124;150;303;130;173;219;124;95;
1401022;"Promna (2)";5742;2924;2818;308;165;143;423;220;203;461;243;218;518;277;241;402;234;168;
1401032;"Radzanów (2)";3871;1958;1913;281;150;131;327;165;162;331;159;172;307;179;128;313;169;144;
1401042;"Stara Błotnica (2)";5140;2601;2539;388;200;188;483;266;217;474;230;244;470;236;234;388;203;185;
1401052;"Stromiec (2)";5800;2912;2888;420;219;201;510;268;242;530;268;262;420;214;206;417;212;205;
1401063;"Wyśmierzyce (3)";2974;1519;1455;177;93;84;253;133;120;264;137;127;198;105;93;194;116;78;
1401064;"Wyśmierzyce - miasto (4)";896;460;436;50;23;27;94;55;39;83;44;39;54;33;21;53;29;24;
1401065;"Wyśmierzyce - obszar wiejski (5)";2078;1059;1019;127;70;57;159;78;81;181;93;88;144;72;72;141;87;54;
1402000;"Powiat ciechanowski";91916;45121;46795;5078;2641;2437;6521;3347;3174;7919;4090;3829;8286;4315;3971;6644;3448;3196;
1402011;"Ciechanów (1)";46564;22236;24328;2278;1174;1104;3069;1567;1502;4005;2024;1981;4334;2187;2147;3519;1812;1707;
1402022;"Ciechanów (2)";5680;2847;2833;382;198;184;428;209;219;436;229;207;443;250;193;400;186;214;
1402033;"Glinojeck (3)";8087;4052;4035;501;285;216;604;304;300;709;380;329;724;382;342;584;292;292;
1402034;"Glinojeck - miasto (4)";3103;1528;1575;190;105;85;245;132;113;316;167;149;337;180;157;219;103;116;
1402035;"Glinojeck - obszar wiejski (5)";4984;2524;2460;311;180;131;359;172;187;393;213;180;387;202;185;365;189;176;
1402042;"Gołymin-Ośrodek (2)";4084;2077;2007;253;124;129;310;167;143;387;202;185;380;207;173;260;149;111;
1402052;"Grudusk (2)";3972;1964;2008;229;111;118;309;161;148;328;167;161;340;182;158;244;133;111;
1402062;"Ojrzeń (2)";4395;2248;2147;280;156;124;344;168;176;407;225;182;391;208;183;307;159;148;
1402072;"Opinogóra Górna (2)";6023;3075;2948;355;184;171;465;234;231;515;262;253;487;260;227;457;246;211;
1402082;"Regimin (2)";4956;2498;2458;316;152;164;363;193;170;395;206;189;405;228;177;357;196;161;
1402092;"Sońsk (2)";8155;4124;4031;484;257;227;629;344;285;737;395;342;782;411;371;516;275;241;
1403000;"Powiat garwoliński";106214;52567;53647;6688;3366;3322;8440;4356;4084;9344;4758;4586;9945;5059;4886;8182;4282;3900;
1403011;"Garwolin (1)";15646;7528;8118;832;428;404;1020;504;516;1328;705;623;1573;776;797;1434;742;692;
1403021;"Łaskarzew (1)";4906;2380;2526;291;152;139;376;199;177;428;210;218;499;263;236;440;209;231;
1403032;"Borowie (2)";5202;2600;2602;354;183;171;438;222;216;428;213;215;439;233;206;379;191;188;
1403042;"Garwolin (2)";11658;5756;5902;783;373;410;983;481;502;964;471;493;1193;630;563;916;487;429;
1403052;"Górzno (2)";6192;3096;3096;434;216;218;572;296;276;571;289;282;566;287;279;446;251;195;
1403062;"Łaskarzew (2)";5470;2722;2748;394;177;217;505;264;241;553;289;264;481;234;247;401;206;195;
1403072;"Maciejowice (2)";7505;3820;3685;471;225;246;627;325;302;662;363;299;554;292;262;473;266;207;
1403082;"Miastków Kościelny (2)";5147;2614;2533;299;166;133;397;202;195;438;233;205;463;241;222;381;224;157;
1403092;"Parysów (2)";4139;2070;2069;296;150;146;360;193;167;352;175;177;346;171;175;340;167;173;
1403103;"Pilawa (3)";10330;5090;5240;607;310;297;845;482;363;903;429;474;1011;503;508;858;442;416;
1403104;"Pilawa - miasto (4)";3987;1912;2075;280;142;138;340;185;155;355;167;188;392;177;215;338;157;181;
1403105;"Pilawa - obszar wiejski (5)";6343;3178;3165;327;168;159;505;297;208;548;262;286;619;326;293;520;285;235;
1403112;"Sobolew (2)";8317;4107;4210;534;263;271;680;326;354;771;401;370;826;434;392;600;310;290;
1403122;"Trojanów (2)";7993;3944;4049;507;257;250;592;311;281;624;313;311;682;320;362;618;324;294;
1403132;"Wilga (2)";5194;2608;2586;318;173;145;374;192;182;512;274;238;438;236;202;304;157;147;
1403143;"Żelechów (3)";8515;4232;4283;568;293;275;671;359;312;810;393;417;874;439;435;592;306;286;
1403144;"Żelechów - miasto (4)";4017;1942;2075;241;122;119;308;165;143;398;191;207;473;224;249;267;138;129;
1403145;"Żelechów - obszar wiejski (5)";4498;2290;2208;327;171;156;363;194;169;412;202;210;401;215;186;325;168;157;
1404000;"Powiat gostyniński";47904;23384;24520;2681;1380;1301;3329;1713;1616;3757;1893;1864;4068;2141;1927;3428;1809;1619;
1404011;"Gostynin (1)";19639;9402;10237;1021;546;475;1252;672;580;1456;744;712;1745;926;819;1510;773;737;
1404022;"Gostynin (2)";11902;5941;5961;771;383;388;888;443;445;952;486;466;959;512;447;865;458;407;
1404032;"Pacyna (2)";4176;2080;2096;211;110;101;265;139;126;340;177;163;327;183;144;239;124;115;
1404042;"Sanniki (2)";6767;3270;3497;358;179;179;491;241;250;582;276;306;574;285;289;457;256;201;
1404052;"Szczawin Kościelny (2)";5420;2691;2729;320;162;158;433;218;215;427;210;217;463;235;228;357;198;159;
1405000;"Powiat grodziski";73343;35084;38259;3804;1927;1877;4506;2324;2182;5053;2622;2431;5834;2989;2845;5521;2806;2715;
1405011;"Milanówek (1)";15151;7045;8106;666;335;331;854;430;424;1001;523;478;1194;603;591;1086;556;530;
1405021;"Podkowa Leśna (1)";3740;1759;1981;157;81;76;189;109;80;280;134;146;278;144;134;247;137;110;
1405032;"Baranów (2)";4828;2420;2408;283;147;136;342;164;178;359;190;169;377;186;191;395;227;168;
1405043;"Grodzisk Mazowiecki (3)";34399;16339;18060;1760;898;862;2014;1045;969;2269;1188;1081;2726;1406;1320;2692;1335;1357;
1405044;"Grodzisk Mazowiecki - miasto (4)";25397;11929;13468;1201;623;578;1372;722;650;1646;869;777;2008;1033;975;2010;985;1025;
1405045;"Grodzisk Mazowiecki - obszar wiejski (5)";9002;4410;4592;559;275;284;642;323;319;623;319;304;718;373;345;682;350;332;
1405052;"Jaktorów (2)";9455;4655;4800;535;254;281;683;346;337;727;382;345;777;418;359;700;345;355;
1405062;"Żabia Wola (2)";5770;2866;2904;403;212;191;424;230;194;417;205;212;482;232;250;401;206;195;
1406000;"Powiat grójecki";107195;53087;54108;5780;3035;2745;7165;3662;3503;7859;4035;3824;8575;4466;4109;8189;4332;3857;
1406012;"Belsk Duży (2)";6867;3408;3459;394;202;192;470;261;209;495;258;237;479;238;241;534;279;255;
1406022;"Błędów (2)";8072;4038;4034;487;255;232;566;294;272;568;287;281;536;268;268;563;295;268;
1406032;"Chynów (2)";9267;4709;4558;503;291;212;667;329;338;714;386;328;763;390;373;718;402;316;
1406042;"Goszczyn (2)";2988;1528;1460;194;108;86;215;118;97;217;115;102;244;117;127;235;117;118;
1406053;"Grójec (3)";22340;10823;11517;1133;589;544;1344;696;648;1475;751;724;1797;947;850;1826;909;917;
1406054;"Grójec - miasto (4)";14318;6821;7497;667;354;313;812;418;394;905;475;430;1179;630;549;1247;605;642;
1406055;"Grójec - obszar wiejski (5)";8022;4002;4020;466;235;231;532;278;254;570;276;294;618;317;301;579;304;275;
1406062;"Jasieniec (2)";5436;2752;2684;329;180;149;376;194;182;357;186;171;423;210;213;458;256;202;
1406073;"Mogielnica (3)";9451;4663;4788;509;261;248;653;322;331;693;339;354;692;351;341;567;308;259;
1406074;"Mogielnica - miasto (4)";2510;1187;1323;113;61;52;150;67;83;172;85;87;200;91;109;170;84;86;
1406075;"Mogielnica - obszar wiejski (5)";6941;3476;3465;396;200;196;503;255;248;521;254;267;492;260;232;397;224;173;
1406083;"Nowe Miasto nad Pilicą (3)";8921;4371;4550;406;197;209;560;271;289;724;373;351;719;397;322;541;304;237;
1406084;"Nowe Miasto nad Pilicą - miasto (4)";4293;2035;2258;198;96;102;272;123;149;321;161;160;378;218;160;298;160;138;
1406085;"Nowe Miasto nad Pilicą - obszar wiejski (5)";4628;2336;2292;208;101;107;288;148;140;403;212;191;341;179;162;243;144;99;
1406092;"Pniewy (2)";4568;2324;2244;254;136;118;309;143;166;341;187;154;418;233;185;357;194;163;
1406102;"Tarczyn (2)";10178;5038;5140;520;268;252;668;348;320;774;396;378;823;434;389;855;451;404;
1406113;"Warka (3)";19107;9433;9674;1051;548;503;1337;686;651;1501;757;744;1681;881;800;1535;817;718;
1406114;"Warka - miasto (4)";10975;5356;5619;575;289;286;767;396;371;870;437;433;1014;535;479;940;501;439;
1406115;"Warka - obszar wiejski (5)";8132;4077;4055;476;259;217;570;290;280;631;320;311;667;346;321;595;316;279;
1407000;"Powiat kozienicki";62483;30847;31636;3515;1817;1698;4467;2280;2187;5296;2750;2546;5554;2893;2661;4287;2263;2024;
1407012;"Garbatka-Letnisko (2)";5397;2628;2769;298;153;145;377;193;184;415;212;203;444;227;217;332;173;159;
1407022;"Głowaczów (2)";7523;3808;3715;426;212;214;601;308;293;725;400;325;610;318;292;469;269;200;
1407032;"Gniewoszów (2)";4360;2082;2278;210;103;107;315;145;170;332;155;177;368;176;192;268;128;140;
1407042;"Grabów nad Pilicą (2)";3705;1926;1779;257;127;130;278;152;126;276;153;123;309;183;126;262;149;113;
1407053;"Kozienice (3)";30542;14887;15655;1661;862;799;2050;1052;998;2479;1277;1202;2925;1505;1420;2233;1149;1084;
1407054;"Kozienice - miasto (4)";19072;9191;9881;953;513;440;1082;551;531;1396;728;668;1848;949;899;1500;760;740;
1407055;"Kozienice - obszar wiejski (5)";11470;5696;5774;708;349;359;968;501;467;1083;549;534;1077;556;521;733;389;344;
1407062;"Magnuszew (2)";6657;3422;3235;408;221;187;533;267;266;638;327;311;521;307;214;478;259;219;
1407072;"Sieciechów (2)";4299;2094;2205;255;139;116;313;163;150;431;226;205;377;177;200;245;136;109;
1408000;"Powiat legionowski";90355;43765;46590;4814;2435;2379;5338;2820;2518;6187;3215;2972;7527;3904;3623;8169;4078;4091;
1408011;"Legionowo (1)";50268;23888;26380;2396;1225;1171;2567;1363;1204;3088;1603;1485;4129;2101;2028;5061;2501;2560;
1408022;"Jabłonna (2)";9542;4656;4886;589;292;297;616;336;280;709;345;364;744;387;357;755;374;381;
1408032;"Nieporęt (2)";11726;5846;5880;752;379;373;763;402;361;869;459;410;1019;544;475;879;461;418;
1408043;"Serock (3)";10619;5286;5333;623;309;314;782;392;390;824;448;376;877;470;407;842;425;417;
1408044;"Serock - miasto (4)";3362;1652;1710;199;96;103;250;117;133;243;132;111;241;130;111;243;129;114;
1408045;"Serock - obszar wiejski (5)";7257;3634;3623;424;213;211;532;275;257;581;316;265;636;340;296;599;296;303;
1408052;"Wieliszew (2)";8200;4089;4111;454;230;224;610;327;283;697;360;337;758;402;356;632;317;315;
1409000;"Powiat lipski";39034;19420;19614;1927;983;944;2648;1379;1269;3188;1730;1458;3152;1658;1494;2536;1392;1144;
1409012;"Chotcza (2)";2814;1406;1408;140;74;66;155;76;79;192;99;93;208;118;90;172;97;75;
1409022;"Ciepielów (2)";6104;3078;3026;369;180;189;469;269;200;533;291;242;451;239;212;462;239;223;
1409033;"Lipsko (3)";12033;5945;6088;569;287;282;785;392;393;1056;576;480;1054;542;512;813;459;354;
1409034;"Lipsko - miasto (4)";6091;2971;3120;263;139;124;421;210;211;537;277;260;565;294;271;400;231;169;
1409035;"Lipsko - obszar wiejski (5)";5942;2974;2968;306;148;158;364;182;182;519;299;220;489;248;241;413;228;185;
1409042;"Rzeczniów (2)";5036;2510;2526;259;137;122;362;191;171;400;221;179;399;200;199;313;152;161;
1409052;"Sienno (2)";6662;3371;3291;297;163;134;464;245;219;536;295;241;530;296;234;378;226;152;
1409062;"Solec nad Wisłą (2)";6385;3110;3275;293;142;151;413;206;207;471;248;223;510;263;247;398;219;179;
1410000;"Powiat łosicki";33751;16879;16872;1928;969;959;2485;1247;1238;2993;1577;1416;2780;1523;1257;2041;1144;897;
1410012;"Huszlew (2)";3159;1624;1535;200;92;108;210;112;98;227;119;108;210;127;83;172;102;70;
1410023;"Łosice (3)";11361;5581;5780;599;324;275;804;405;399;1093;554;539;1106;576;530;776;428;348;
1410024;"Łosice - miasto (4)";7173;3464;3709;374;195;179;488;247;241;701;355;346;786;422;364;511;277;234;
1410025;"Łosice - obszar wiejski (5)";4188;2117;2071;225;129;96;316;158;158;392;199;193;320;154;166;265;151;114;
1410032;"Olszanka (2)";3357;1697;1660;215;91;124;257;113;144;279;154;125;271;156;115;209;119;90;
1410042;"Platerów (2)";5252;2690;2562;302;147;155;342;179;163;476;274;202;397;219;178;283;161;122;
1410052;"Sarnaki (2)";5495;2707;2788;287;140;147;425;213;212;438;224;214;412;235;177;313;169;144;
1410062;"Stara Kornica (2)";5127;2580;2547;325;175;150;447;225;222;480;252;228;384;210;174;288;165;123;
1411000;"Powiat makowski";47680;23801;23879;2929;1530;1399;3600;1827;1773;3993;2042;1951;4254;2210;2044;3240;1745;1495;
1411011;"Maków Mazowiecki (1)";9932;4750;5182;573;312;261;643;325;318;855;436;419;908;481;427;766;370;396;
1411022;"Czerwonka (2)";2687;1356;1331;159;83;76;229;110;119;235;119;116;221;108;113;173;97;76;
1411032;"Karniewo (2)";5595;2789;2806;375;188;187;486;250;236;469;240;229;503;256;247;359;199;160;
1411042;"Krasnosielc (2)";6723;3397;3326;476;236;240;517;266;251;530;284;246;603;310;293;464;246;218;
1411052;"Młynarze (2)";1798;927;871;110;63;47;147;80;67;181;99;82;148;85;63;110;66;44;
1411062;"Płoniawy-Bramura (2)";6098;3086;3012;361;183;178;447;220;227;518;267;251;554;307;247;383;206;177;
1411073;"Różan (3)";4501;2239;2262;236;127;109;326;159;167;380;190;190;440;220;220;300;166;134;
1411074;"Różan - miasto (4)";2733;1325;1408;139;71;68;199;96;103;228;112;116;276;136;140;215;115;100;
1411075;"Różan - obszar wiejski (5)";1768;914;854;97;56;41;127;63;64;152;78;74;164;84;80;85;51;34;
1411082;"Rzewnie (2)";2861;1456;1405;180;93;87;245;129;116;215;105;110;209;106;103;196;108;88;
1411092;"Sypniewo (2)";3647;1857;1790;232;128;104;275;144;131;328;163;165;325;161;164;221;137;84;
1411102;"Szelków (2)";3838;1944;1894;227;117;110;285;144;141;282;139;143;343;176;167;268;150;118;
1412000;"Powiat miński";154411;75782;78629;8784;4540;4244;10322;5281;5041;11696;6112;5584;12980;6555;6425;12087;6119;5968;
1412011;"Mińsk Mazowiecki (1)";35751;17071;18680;1872;993;879;2170;1141;1029;2479;1281;1198;3144;1543;1601;3020;1497;1523;
1412021;"Sulejówek (1)";18186;8679;9507;944;460;484;1130;576;554;1293;697;596;1445;721;724;1403;682;721;
1412031;"Wesoła (1)";16753;8159;8594;970;492;478;1104;588;516;1286;656;630;1329;693;636;1240;612;628;
1412042;"Cegłów (2)";6528;3253;3275;323;162;161;393;178;215;407;213;194;474;248;226;457;237;220;
1412052;"Dębe Wielkie (2)";8000;3953;4047;454;238;216;587;302;285;632;318;314;704;344;360;652;328;324;
1412062;"Dobre (2)";6031;3115;2916;350;187;163;428;217;211;473;235;238;477;254;223;478;272;206;
1412072;"Halinów (2)";11464;5644;5820;725;359;366;792;400;392;909;482;427;942;477;465;913;449;464;
1412082;"Jakubów (2)";5084;2569;2515;319;167;152;403;198;205;404;200;204;375;183;192;375;186;189;
1412093;"Kałuszyn (3)";6309;3148;3161;385;209;176;449;216;233;479;235;244;555;278;277;458;252;206;
1412094;"Kałuszyn - miasto (4)";2887;1422;1465;177;94;83;224;107;117;231;114;117;253;134;119;212;103;109;
1412095;"Kałuszyn - obszar wiejski (5)";3422;1726;1696;208;115;93;225;109;116;248;121;127;302;144;158;246;149;97;
1412102;"Latowicz (2)";5740;2902;2838;346;184;162;392;184;208;465;255;210;461;242;219;458;245;213;
1412112;"Mińsk Mazowiecki (2)";12443;6288;6155;766;415;351;955;491;464;1056;586;470;1149;602;547;946;482;464;
1412122;"Mrozy (2)";8886;4396;4490;531;265;266;565;305;260;677;374;303;718;361;357;659;339;320;
1412132;"Siennica (2)";7093;3526;3567;401;202;199;506;256;250;629;320;309;678;333;345;536;286;250;
1412142;"Stanisławów (2)";6143;3079;3064;398;207;191;448;229;219;507;260;247;529;276;253;492;252;240;
1413000;"Powiat mławski";73965;36393;37572;4516;2335;2181;5576;2886;2690;6232;3167;3065;6469;3386;3083;5182;2748;2434;
1413011;"Mława (1)";29389;14025;15364;1576;834;742;1960;1010;950;2570;1340;1230;2797;1428;1369;2118;1094;1024;
1413022;"Dzierzgowo (2)";3618;1833;1785;230;116;114;293;149;144;291;140;151;271;130;141;243;144;99;
1413032;"Lipowiec Kościelny (2)";5214;2593;2621;392;178;214;421;224;197;371;182;189;367;197;170;377;205;172;
1413042;"Radzanów (2)";3762;1872;1890;263;144;119;315;168;147;277;136;141;308;149;159;264;147;117;
1413052;"Strzegowo (2)";8080;4098;3982;492;256;236;607;327;280;681;350;331;704;387;317;516;288;228;
1413062;"Stupsk (2)";5167;2575;2592;345;165;180;416;229;187;452;222;230;453;263;190;351;166;185;
1413072;"Szreńsk (2)";4647;2311;2336;341;169;172;419;212;207;375;203;172;401;218;183;293;151;142;
1413082;"Szydłowo (2)";4670;2372;2298;282;151;131;369;175;194;389;189;200;406;226;180;350;193;157;
1413092;"Wieczfnia Kościelna (2)";4146;2093;2053;271;144;127;333;162;171;378;185;193;337;180;157;297;155;142;
1413102;"Wiśniewo (2)";5272;2621;2651;324;178;146;443;230;213;448;220;228;425;208;217;373;205;168;
1414000;"Powiat nowodworski";74946;36608;38338;4103;2143;1960;5049;2561;2488;5809;2983;2826;6622;3267;3355;6043;3097;2946;
1414011;"Nowy Dwór Mazowiecki (1)";27189;13124;14065;1368;741;627;1627;851;776;1926;979;947;2485;1218;1267;2353;1182;1171;
1414022;"Czosnów (2)";8285;4099;4186;424;219;205;582;283;299;646;325;321;705;359;346;644;332;312;
1414032;"Leoncin (2)";5091;2535;2556;292;161;131;351;177;174;398;210;188;440;215;225;396;194;202;
1414043;"Nasielsk (3)";19081;9446;9635;1177;605;572;1459;732;727;1669;864;805;1699;842;857;1418;770;648;
1414044;"Nasielsk - miasto (4)";7265;3511;3754;383;202;181;503;256;247;649;332;317;691;344;347;546;292;254;
1414045;"Nasielsk - obszar wiejski (5)";11816;5935;5881;794;403;391;956;476;480;1020;532;488;1008;498;510;872;478;394;
1414052;"Pomiechówek (2)";8897;4263;4634;465;231;234;562;270;292;655;333;322;720;354;366;763;387;376;
1414063;"Zakroczym (3)";6403;3141;3262;377;186;191;468;248;220;515;272;243;573;279;294;469;232;237;
1414064;"Zakroczym - miasto (4)";3443;1665;1778;190;94;96;227;127;100;269;140;129;318;155;163;264;127;137;
1414065;"Zakroczym - obszar wiejski (5)";2960;1476;1484;187;92;95;241;121;120;246;132;114;255;124;131;205;105;100;
1415000;"Powiat ostrołęcki";83111;42379;40732;5796;3015;2781;7161;3711;3450;7618;3965;3653;7226;3793;3433;5876;3163;2713;
1415012;"Baranowo (2)";6835;3437;3398;454;218;236;541;279;262;603;318;285;472;246;226;428;227;201;
1415022;"Czarnia (2)";2683;1408;1275;197;100;97;242;122;120;257;148;109;222;121;101;220;131;89;
1415032;"Czerwin (2)";5447;2756;2691;315;160;155;389;210;179;428;228;200;465;232;233;401;223;178;
1415042;"Goworowo (2)";8895;4560;4335;572;314;258;698;352;346;795;417;378;739;399;340;637;344;293;
1415052;"Kadzidło (2)";10814;5567;5247;833;441;392;956;511;445;1028;552;476;972;497;475;772;419;353;
1415062;"Lelis (2)";7986;4048;3938;644;336;308;774;410;364;784;421;363;726;355;371;597;300;297;
1415072;"Łyse (2)";7870;4040;3830;531;266;265;744;388;356;760;388;372;694;361;333;537;305;232;
1415083;"Myszyniec (3)";10418;5316;5102;793;411;382;913;475;438;912;472;440;873;448;425;799;426;373;
1415084;"Myszyniec - miasto (4)";3134;1533;1601;221;120;101;271;142;129;295;142;153;288;154;134;229;124;105;
1415085;"Myszyniec - obszar wiejski (5)";7284;3783;3501;572;291;281;642;333;309;617;330;287;585;294;291;570;302;268;
1415092;"Olszewo-Borki (2)";8604;4396;4208;601;307;294;776;424;352;823;397;426;799;437;362;571;307;264;
1415102;"Rzekuń (2)";8626;4346;4280;554;306;248;750;349;401;804;402;402;854;493;361;581;306;275;
1415112;"Troszyn (2)";4933;2505;2428;302;156;146;378;191;187;424;222;202;410;204;206;333;175;158;
1416000;"Powiat ostrowski";76421;37927;38494;4779;2429;2350;5517;2762;2755;6292;3163;3129;6641;3473;3168;5415;2884;2531;
1416011;"Ostrów Mazowiecka (1)";22369;10737;11632;1440;728;712;1552;775;777;1791;907;884;2053;1056;997;1747;897;850;
1416022;"Andrzejewo (2)";4613;2325;2288;267;145;122;379;180;199;380;194;186;366;195;171;284;146;138;
1416032;"Boguty-Pianki (2)";3052;1547;1505;192;104;88;223;119;104;258;130;128;232;118;114;213;120;93;
1416043;"Brok (3)";2832;1426;1406;172;96;76;205;87;118;225;121;104;245;125;120;187;113;74;
1416044;"Brok - miasto (4)";1847;913;934;105;55;50;131;52;79;152;86;66;162;84;78;112;63;49;
1416045;"Brok - obszar wiejski (5)";985;513;472;67;41;26;74;35;39;73;35;38;83;41;42;75;50;25;
1416052;"Małkinia Górna (2)";12383;6095;6288;692;347;345;825;414;411;1033;509;524;1246;641;605;916;483;433;
1416062;"Nur (2)";3573;1821;1752;209;99;110;242;123;119;285;152;133;230;125;105;184;115;69;
1416072;"Ostrów Mazowiecka (2)";12843;6459;6384;872;437;435;958;502;456;1042;523;519;1097;563;534;914;476;438;
1416082;"Stary Lubotyń (2)";4104;2080;2024;280;138;142;307;157;150;350;178;172;361;186;175;282;151;131;
1416092;"Szulborze Wielkie (2)";1936;996;940;108;61;47;171;89;82;190;85;105;134;85;49;119;71;48;
1416102;"Wąsewo (2)";4750;2395;2355;286;136;150;369;178;191;417;193;224;383;217;166;322;186;136;
1416112;"Zaręby Kościelne (2)";3966;2046;1920;261;138;123;286;138;148;321;171;150;294;162;132;247;126;121;
1417000;"Powiat otwocki";113261;54443;58818;5756;3004;2752;7357;3782;3575;8352;4403;3949;9323;4697;4626;8549;4303;4246;
1417011;"Józefów (1)";16474;7864;8610;837;433;404;1044;550;494;1262;686;576;1269;638;631;1194;579;615;
1417021;"Otwock (1)";42637;19867;22770;2022;1066;956;2532;1289;1243;2829;1488;1341;3240;1650;1590;3052;1508;1544;
1417032;"Celestynów (2)";10869;5341;5528;632;346;286;780;405;375;915;463;452;971;467;504;895;470;425;
1417043;"Karczew (3)";16310;8009;8301;795;411;384;983;522;461;1210;636;574;1520;768;752;1408;716;692;
1417044;"Karczew - miasto (4)";10700;5223;5477;477;258;219;593;323;270;781;417;364;1017;511;506;981;494;487;
1417045;"Karczew - obszar wiejski (5)";5610;2786;2824;318;153;165;390;199;191;429;219;210;503;257;246;427;222;205;
1417052;"Kołbiel (2)";8028;3985;4043;438;239;199;567;303;264;676;351;325;746;389;357;603;297;306;
1417062;"Osieck (2)";3495;1716;1779;217;98;119;249;121;128;271;139;132;290;149;141;284;154;130;
1417072;"Sobienie-Jeziory (2)";6241;3143;3098;304;162;142;477;226;251;499;271;228;458;232;226;398;225;173;
1417082;"Wiązowna (2)";9207;4518;4689;511;249;262;725;366;359;690;369;321;829;404;425;715;354;361;
1418000;"Powiat piaseczyński";118897;57357;61540;6440;3315;3125;7465;3836;3629;8188;4239;3949;9361;4802;4559;9424;4712;4712;
1418013;"Góra Kalwaria (3)";23601;11390;12211;1262;641;621;1566;793;773;1713;876;837;1889;930;959;1971;962;1009;
1418014;"Góra Kalwaria - miasto (4)";11010;5224;5786;556;288;268;674;341;333;717;380;337;752;381;371;920;451;469;
1418015;"Góra Kalwaria - obszar wiejski (5)";12591;6166;6425;706;353;353;892;452;440;996;496;500;1137;549;588;1051;511;540;
1418023;"Konstancin-Jeziorna (3)";22458;10609;11849;1058;557;501;1216;613;603;1541;827;714;1845;990;855;1722;843;879;
1418024;"Konstancin-Jeziorna - miasto (4)";16341;7624;8717;729;387;342;835;435;400;1073;573;500;1345;723;622;1230;598;632;
1418025;"Konstancin-Jeziorna - obszar wiejski (5)";6117;2985;3132;329;170;159;381;178;203;468;254;214;500;267;233;492;245;247;
1418032;"Lesznowola (2)";12967;6387;6580;747;385;362;876;447;429;960;498;462;1104;584;520;1037;504;533;
1418043;"Piaseczno (3)";52156;25158;26998;2880;1474;1406;3208;1678;1530;3400;1755;1645;3915;1982;1933;4103;2109;1994;
1418044;"Piaseczno - miasto (4)";31618;15195;16423;1642;835;807;1821;963;858;1929;1000;929;2330;1202;1128;2687;1395;1292;
1418045;"Piaseczno - obszar wiejski (5)";20538;9963;10575;1238;639;599;1387;715;672;1471;755;716;1585;780;805;1416;714;702;
1418052;"Prażmów (2)";7715;3813;3902;493;258;235;599;305;294;574;283;291;608;316;292;591;294;297;
1419000;"Powiat płocki";104927;52117;52810;6464;3356;3108;8089;4159;3930;8390;4281;4109;8726;4501;4225;7760;4051;3709;
1419012;"Bielsk (2)";8818;4448;4370;552;300;252;689;376;313;744;391;353;731;392;339;712;366;346;
1419022;"Bodzanów (2)";8418;4169;4249;534;293;241;601;299;302;617;286;331;703;349;354;587;305;282;
1419032;"Brudzeń Duży (2)";7708;3926;3782;490;255;235;572;303;269;652;362;290;728;415;313;573;289;284;
1419042;"Bulkowo (2)";6107;3056;3051;407;218;189;500;233;267;486;261;225;509;275;234;485;269;216;
1419053;"Drobin (3)";8770;4339;4431;575;294;281;661;350;311;781;385;396;708;365;343;655;350;305;
1419054;"Drobin - miasto (4)";3025;1465;1560;185;97;88;194;106;88;279;135;144;280;142;138;234;127;107;
1419055;"Drobin - obszar wiejski (5)";5745;2874;2871;390;197;193;467;244;223;502;250;252;428;223;205;421;223;198;
1419063;"Gąbin (3)";10751;5189;5562;563;285;278;788;421;367;795;374;421;886;426;460;757;406;351;
1419064;"Gąbin - miasto (4)";4057;1896;2161;192;98;94;280;140;140;295;137;158;325;151;174;297;161;136;
1419065;"Gąbin - obszar wiejski (5)";6694;3293;3401;371;187;184;508;281;227;500;237;263;561;275;286;460;245;215;
1419072;"Łąck (2)";4792;2345;2447;270;132;138;386;200;186;393;195;198;402;213;189;383;199;184;
1419082;"Mała Wieś (2)";6523;3273;3250;373;207;166;512;263;249;482;252;230;523;282;241;447;251;196;
1419092;"Nowy Duninów (2)";3928;1904;2024;214;104;110;302;150;152;341;157;184;336;155;181;304;154;150;
1419102;"Radzanowo (2)";6963;3410;3553;428;224;204;575;292;283;547;268;279;567;273;294;548;254;294;
1419112;"Słubice (2)";4670;2314;2356;311;166;145;364;169;195;372;187;185;388;200;188;310;164;146;
1419122;"Słupno (2)";4399;2204;2195;242;134;108;321;170;151;344;165;179;334;193;141;333;164;169;
1419132;"Stara Biała (2)";9205;4649;4556;657;336;321;738;384;354;738;409;329;799;403;396;665;351;314;
1419142;"Staroźreby (2)";7636;3804;3832;529;243;286;629;323;306;612;322;290;601;320;281;544;297;247;
1419153;"Wyszogród (3)";6239;3087;3152;319;165;154;451;226;225;486;267;219;511;240;271;457;232;225;
1419154;"Wyszogród - miasto (4)";2902;1427;1475;152;78;74;212;112;100;216;120;96;260;113;147;229;112;117;
1419155;"Wyszogród - obszar wiejski (5)";3337;1660;1677;167;87;80;239;114;125;270;147;123;251;127;124;228;120;108;
1420000;"Powiat płoński";88681;43849;44832;5148;2680;2468;6258;3181;3077;6800;3472;3328;7563;3960;3603;6557;3548;3009;
1420011;"Płońsk (1)";22354;10665;11689;1130;597;533;1395;705;690;1684;882;802;2142;1110;1032;1801;944;857;
1420021;"Raciąż (1)";4693;2244;2449;300;164;136;348;180;168;421;200;221;404;185;219;323;183;140;
1420032;"Baboszewo (2)";7988;3965;4023;534;278;256;621;326;295;632;306;326;600;302;298;592;320;272;
1420042;"Czerwińsk nad Wisłą (2)";8055;4000;4055;492;256;236;560;281;279;585;310;275;682;357;325;605;325;280;
1420052;"Dzierzążnia (2)";4016;2049;1967;230;112;118;326;158;168;304;176;128;310;170;140;268;146;122;
1420062;"Joniec (2)";2662;1300;1362;122;62;60;162;80;82;202;92;110;212;105;107;160;89;71;
1420072;"Naruszewo (2)";6855;3491;3364;423;222;201;456;232;224;482;255;227;565;299;266;485;275;210;
1420082;"Nowe Miasto (2)";4804;2442;2362;264;136;128;327;179;148;361;200;161;415;227;188;344;173;171;
1420092;"Płońsk (2)";6868;3472;3396;448;236;212;542;277;265;526;263;263;555;302;253;499;288;211;
1420102;"Raciąż (2)";9010;4606;4404;531;281;250;685;352;333;736;374;362;745;408;337;597;336;261;
1420112;"Sochocin (2)";5836;2897;2939;318;163;155;412;208;204;441;213;228;503;261;242;474;254;220;
1420122;"Załuski (2)";5540;2718;2822;356;173;183;424;203;221;426;201;225;430;234;196;409;215;194;
1421000;"Powiat pruszkowski";140321;66485;73836;6748;3468;3280;7943;4069;3874;8925;4630;4295;10943;5544;5399;10968;5399;5569;
1421011;"Piastów (1)";23475;11165;12310;1076;565;511;1116;572;544;1396;741;655;1935;974;961;2146;1053;1093;
1421021;"Pruszków (1)";54331;25384;28947;2461;1254;1207;2844;1448;1396;3302;1719;1583;4093;2086;2007;4123;2038;2085;
1421033;"Brwinów (3)";20495;9712;10783;973;483;490;1222;615;607;1356;703;653;1596;798;798;1449;717;732;
1421034;"Brwinów - miasto (4)";11481;5329;6152;560;281;279;666;324;342;736;378;358;893;440;453;793;381;412;
1421035;"Brwinów - obszar wiejski (5)";9014;4383;4631;413;202;211;556;291;265;620;325;295;703;358;345;656;336;320;
1421042;"Michałowice (2)";13796;6600;7196;635;340;295;891;468;423;936;482;454;1078;539;539;1034;493;541;
1421052;"Nadarzyn (2)";9129;4374;4755;550;288;262;624;303;321;659;321;338;741;362;379;670;338;332;
1421062;"Raszyn (2)";19095;9250;9845;1053;538;515;1246;663;583;1276;664;612;1500;785;715;1546;760;786;
1422000;"Powiat przasnyski";53654;26842;26812;3375;1727;1648;4014;2050;1964;4691;2456;2235;4735;2426;2309;3692;2002;1690;
1422011;"Przasnysz (1)";16827;8139;8688;942;482;460;1045;548;497;1395;732;663;1554;814;740;1165;605;560;
1422023;"Chorzele (3)";10372;5287;5085;696;355;341;810;405;405;931;478;453;861;443;418;746;422;324;
1422024;"Chorzele - miasto (4)";2780;1365;1415;171;90;81;181;86;95;253;135;118;249;118;131;209;114;95;
1422025;"Chorzele - obszar wiejski (5)";7592;3922;3670;525;265;260;629;319;310;678;343;335;612;325;287;537;308;229;
1422032;"Czernice Borowe (2)";4171;2149;2022;236;126;110;320;170;150;363;186;177;371;198;173;280;160;120;
1422042;"Jednorożec (2)";7353;3701;3652;545;286;259;666;348;318;689;378;311;678;320;358;497;271;226;
1422052;"Krasne (2)";4017;2030;1987;231;121;110;290;154;136;364;181;183;368;178;190;271;156;115;
1422062;"Krzynowłoga Mała (2)";3691;1905;1786;229;121;108;297;140;157;319;165;154;311;182;129;255;134;121;
1422072;"Przasnysz (2)";7223;3631;3592;496;236;260;586;285;301;630;336;294;592;291;301;478;254;224;
1423000;"Powiat przysuski";45045;22284;22761;2648;1358;1290;3273;1697;1576;3835;1947;1888;3982;1999;1983;2915;1647;1268;
1423012;"Borkowice (2)";4793;2409;2384;243;136;107;347;178;169;385;203;182;428;222;206;302;176;126;
1423022;"Gielniów (2)";4971;2450;2521;292;138;154;328;158;170;364;183;181;393;204;189;351;198;153;
1423032;"Klwów (2)";3634;1817;1817;212;107;105;262;132;130;313;160;153;213;120;93;206;114;92;
1423042;"Odrzywół (2)";4194;2097;2097;246;118;128;289;155;134;371;205;166;396;183;213;217;140;77;
1423052;"Potworów (2)";4372;2219;2153;340;169;171;363;194;169;358;185;173;333;175;158;317;192;125;
1423063;"Przysucha (3)";12884;6220;6664;677;353;324;878;467;411;1169;586;583;1343;639;704;839;452;387;
1423064;"Przysucha - miasto (4)";6297;3062;3235;313;160;153;413;221;192;577;307;270;730;364;366;461;241;220;
1423065;"Przysucha - obszar wiejski (5)";6587;3158;3429;364;193;171;465;246;219;592;279;313;613;275;338;378;211;167;
1423072;"Rusinów (2)";4574;2288;2286;312;164;148;360;177;183;387;180;207;392;212;180;306;178;128;
1423082;"Wieniawa (2)";5623;2784;2839;326;173;153;446;236;210;488;245;243;484;244;240;377;197;180;
1424000;"Powiat pułtuski";51240;25311;25929;3121;1589;1532;3761;1888;1873;4219;2154;2065;4563;2328;2235;4225;2147;2078;
1424012;"Gzy (2)";4196;2153;2043;245;123;122;313;149;164;356;192;164;346;181;165;328;177;151;
1424022;"Obryte (2)";4901;2460;2441;319;153;166;376;179;197;386;176;210;403;194;209;302;150;152;
1424032;"Pokrzywnica (2)";4719;2380;2339;279;153;126;371;186;185;400;203;197;376;202;174;358;187;171;
1424043;"Pułtusk (3)";23578;11355;12223;1314;684;630;1587;792;795;1916;1003;913;2221;1118;1103;2231;1092;1139;
1424044;"Pułtusk - miasto (4)";19152;9102;10050;1026;541;485;1255;619;636;1547;807;740;1868;923;945;1904;908;996;
1424045;"Pułtusk - obszar wiejski (5)";4426;2253;2173;288;143;145;332;173;159;369;196;173;353;195;158;327;184;143;
1424052;"Świercze (2)";4790;2392;2398;356;186;170;394;202;192;386;186;200;399;209;190;356;184;172;
1424062;"Winnica (2)";4187;2122;2065;252;116;136;326;175;151;347;180;167;436;229;207;309;169;140;
1424072;"Zatory (2)";4869;2449;2420;356;174;182;394;205;189;428;214;214;382;195;187;341;188;153;
1425000;"Powiat radomski";141807;70661;71146;9170;4701;4469;11152;5672;5480;12503;6442;6061;13467;6991;6476;11270;5964;5306;
1425011;"Pionki (1)";20619;9911;10708;960;503;457;1228;609;619;1709;875;834;2089;1071;1018;1608;837;771;
1425022;"Gózd (2)";7710;3840;3870;550;277;273;742;370;372;780;409;371;728;359;369;634;326;308;
1425033;"Iłża (3)";15862;7741;8121;853;442;411;1094;574;520;1226;612;614;1433;715;718;1124;607;517;
1425034;"Iłża - miasto (4)";5256;2525;2731;258;127;131;316;164;152;365;181;184;499;231;268;368;222;146;
1425035;"Iłża - obszar wiejski (5)";10606;5216;5390;595;315;280;778;410;368;861;431;430;934;484;450;756;385;371;
1425042;"Jastrzębia (2)";6178;3117;3061;446;224;222;525;280;245;582;305;277;562;295;267;477;231;246;
1425052;"Jedlińsk (2)";12895;6436;6459;928;470;458;1122;569;553;1227;610;617;1198;612;586;1016;520;496;
1425062;"Jedlnia-Letnisko (2)";10662;5381;5281;667;351;316;800;437;363;1001;520;481;1060;555;505;849;449;400;
1425072;"Kowala (2)";9894;4969;4925;744;386;358;865;443;422;824;433;391;939;472;467;806;433;373;
1425082;"Pionki (2)";9764;4913;4851;653;324;329;752;395;357;784;402;382;876;483;393;740;411;329;
1425092;"Przytyk (2)";6991;3567;3424;495;256;239;592;284;308;606;327;279;635;347;288;551;292;259;
1425103;"Skaryszew (3)";12856;6406;6450;884;460;424;1120;524;596;1140;614;526;1249;631;618;1041;541;500;
1425104;"Skaryszew - miasto (4)";3788;1860;1928;220;111;109;347;173;174;353;191;162;381;191;190;326;170;156;
1425105;"Skaryszew - obszar wiejski (5)";9068;4546;4522;664;349;315;773;351;422;787;423;364;868;440;428;715;371;344;
1425112;"Wierzbica (2)";10123;5178;4945;643;318;325;768;405;363;873;470;403;970;548;422;877;499;378;
1425122;"Wolanów (2)";7958;4022;3936;578;296;282;639;318;321;794;405;389;724;383;341;705;362;343;
1425132;"Zakrzew (2)";10295;5180;5115;769;394;375;905;464;441;957;460;497;1004;520;484;842;456;386;
1426000;"Powiat siedlecki";80790;40772;40018;5218;2697;2521;6345;3238;3107;6948;3540;3408;6740;3552;3188;5932;3162;2770;
1426012;"Domanice (2)";2770;1382;1388;186;86;100;227;108;119;278;134;144;227;134;93;208;108;100;
1426022;"Korczew (2)";3200;1610;1590;170;79;91;228;100;128;248;135;113;233;125;108;171;97;74;
1426032;"Kotuń (2)";8434;4161;4273;537;286;251;623;296;327;736;373;363;674;345;329;622;310;312;
1426042;"Mokobody (2)";5368;2786;2582;330;184;146;482;263;219;480;260;220;451;249;202;405;222;183;
1426053;"Mordy (3)";6545;3291;3254;345;166;179;495;246;249;482;265;217;556;276;280;458;252;206;
1426054;"Mordy - miasto (4)";1803;883;920;86;36;50;141;72;69;147;85;62;207;101;106;112;61;51;
1426055;"Mordy - obszar wiejski (5)";4742;2408;2334;259;130;129;354;174;180;335;180;155;349;175;174;346;191;155;
1426062;"Paprotnia (2)";2843;1468;1375;197;102;95;233;124;109;217;118;99;204;105;99;192;100;92;
1426072;"Przesmyki (2)";3883;1992;1891;223;115;108;251;129;122;320;149;171;263;153;110;257;140;117;
1426082;"Siedlce (2)";14959;7493;7466;1008;530;478;1148;602;546;1273;604;669;1437;767;670;1305;690;615;
1426092;"Skórzec (2)";7041;3541;3500;488;235;253;620;316;304;626;329;297;622;333;289;510;263;247;
1426102;"Suchożebry (2)";4714;2405;2309;270;143;127;316;156;160;379;197;182;392;200;192;348;205;143;
1426112;"Wiśniew (2)";5851;2963;2888;437;232;205;502;264;238;531;252;279;463;229;234;447;235;212;
1426122;"Wodynie (2)";5021;2565;2456;321;183;138;387;199;188;450;240;210;412;224;188;306;176;130;
1426132;"Zbuczyn (2)";10161;5115;5046;706;356;350;833;435;398;928;484;444;806;412;394;703;364;339;
1427000;"Powiat sierpecki";54626;26648;27978;3431;1754;1677;4218;2138;2080;4537;2254;2283;4713;2408;2305;3821;1980;1841;
1427011;"Sierpc (1)";18944;8985;9959;962;461;501;1190;599;591;1468;770;698;1734;938;796;1402;693;709;
1427022;"Gozdowo (2)";6099;3050;3049;419;229;190;507;244;263;536;273;263;482;255;227;446;232;214;
1427032;"Mochowo (2)";6363;3171;3192;482;250;232;539;268;271;528;258;270;543;266;277;454;234;220;
1427042;"Rościszewo (2)";4382;2186;2196;304;166;138;399;212;187;379;180;199;325;163;162;270;153;117;
1427052;"Sierpc (2)";7185;3547;3638;501;248;253;593;314;279;592;285;307;709;326;383;468;247;221;
1427062;"Szczutowo (2)";4463;2161;2302;255;139;116;418;199;219;403;187;216;399;194;205;291;157;134;
1427072;"Zawidz (2)";7190;3548;3642;508;261;247;572;302;270;631;301;330;521;266;255;490;264;226;
1428000;"Powiat sochaczewski";83383;40608;42775;4424;2309;2115;5572;2791;2781;6619;3354;3265;7219;3683;3536;6487;3365;3122;
1428011;"Sochaczew (1)";38488;18343;20145;1791;925;866;2303;1147;1156;3045;1531;1514;3302;1698;1604;3028;1566;1462;
1428022;"Brochów (2)";4277;2150;2127;217;119;98;310;153;157;386;178;208;349;184;165;294;153;141;
1428032;"Iłów (2)";6409;3222;3187;381;198;183;468;232;236;530;290;240;576;315;261;500;261;239;
1428042;"Młodzieszyn (2)";5598;2757;2841;333;163;170;416;217;199;424;204;220;485;230;255;433;214;219;
1428052;"Nowa Sucha (2)";5851;2881;2970;335;179;156;423;209;214;485;244;241;458;235;223;447;232;215;
1428062;"Rybno (2)";3574;1781;1793;231;124;107;244;121;123;280;136;144;327;175;152;285;158;127;
1428072;"Sochaczew (2)";8152;4092;4060;484;267;217;633;328;305;653;350;303;678;349;329;603;321;282;
1428082;"Teresin (2)";11034;5382;5652;652;334;318;775;384;391;816;421;395;1044;497;547;897;460;437;
1429000;"Powiat sokołowski";58800;29001;29799;3318;1684;1634;4096;2088;2008;4694;2364;2330;4937;2641;2296;3628;1967;1661;
1429011;"Sokołów Podlaski (1)";18199;8664;9535;979;487;492;1233;629;604;1551;785;766;1888;966;922;1248;656;592;
1429022;"Bielany (2)";4122;2066;2056;267;126;141;302;165;137;338;176;162;356;183;173;292;150;142;
1429032;"Ceranów (2)";2741;1392;1349;177;82;95;186;91;95;224;127;97;195;108;87;138;92;46;
1429042;"Jabłonna Lacka (2)";5261;2547;2714;279;142;137;378;199;179;392;185;207;378;202;176;304;162;142;
1429053;"Kosów Lacki (3)";6977;3508;3469;460;252;208;490;240;250;559;253;306;517;318;199;374;211;163;
1429054;"Kosów Lacki - miasto (4)";2191;1075;1116;141;82;59;170;88;82;201;88;113;195;118;77;102;56;46;
1429055;"Kosów Lacki - obszar wiejski (5)";4786;2433;2353;319;170;149;320;152;168;358;165;193;322;200;122;272;155;117;
1429062;"Repki (2)";6080;3058;3022;337;171;166;452;223;229;439;231;208;478;250;228;347;183;164;
1429072;"Sabnie (2)";4224;2116;2108;220;113;107;299;139;160;320;160;160;313;166;147;251;142;109;
1429082;"Sokołów Podlaski (2)";6251;3180;3071;344;187;157;440;230;210;496;254;242;482;264;218;442;243;199;
1429092;"Sterdyń (2)";4945;2470;2475;255;124;131;316;172;144;375;193;182;330;184;146;232;128;104;
1430000;"Powiat szydłowiecki";41246;20429;20817;2524;1300;1224;3000;1577;1423;3480;1772;1708;3853;1983;1870;3206;1688;1518;
1430012;"Chlewiska (2)";6480;3178;3302;370;192;178;428;223;205;509;258;251;494;264;230;400;209;191;
1430022;"Jastrząb (2)";5008;2477;2531;341;172;169;404;201;203;442;213;229;439;235;204;363;202;161;
1430032;"Mirów (2)";4532;2287;2245;318;162;156;377;219;158;380;198;182;432;199;233;363;181;182;
1430042;"Orońsko (2)";5694;2824;2870;391;188;203;471;235;236;509;245;264;547;277;270;492;268;224;
1430053;"Szydłowiec (3)";19532;9663;9869;1104;586;518;1320;699;621;1640;858;782;1941;1008;933;1588;828;760;
1430054;"Szydłowiec - miasto (4)";12227;6029;6198;600;304;296;755;415;340;1060;565;495;1326;694;632;1081;560;521;
1430055;"Szydłowiec - obszar wiejski (5)";7305;3634;3671;504;282;222;565;284;281;580;293;287;615;314;301;507;268;239;
1431000;"Powiat warszawski";1672418;774707;897711;60838;30994;29844;68148;34815;33333;84653;43267;41386;121749;61137;60612;149670;74275;75395;
1431001;"M.st.Warszawa do 2001 (1)";1672418;774707;897711;60838;30994;29844;68148;34815;33333;84653;43267;41386;121749;61137;60612;149670;74275;75395;
1431011;"Warszawa - Bemowo do 2001 (1)";103746;50315;53431;3512;1791;1721;4166;2145;2021;5815;2908;2907;9445;4959;4486;12866;6768;6098;
1431021;"Warszawa - Białołęka do 2001 (1)";52454;25675;26779;2951;1502;1449;2960;1550;1410;3567;1853;1714;4946;2435;2511;5049;2440;2609;
1431031;"Warszawa - Bielany do 2001 (1)";139337;64292;75045;5072;2577;2495;5603;2850;2753;6670;3376;3294;9614;4887;4727;11901;5689;6212;
1431041;"Warszawa - Centrum do 2001 (1)";945165;429558;515607;31070;15846;15224;35522;18019;17503;44250;22691;21559;64101;32003;32098;79421;39399;40022;
1431121;"Warszawa - Rembertów do 2001 (1)";21294;10303;10991;1018;500;518;1124;608;516;1381;687;694;1787;914;873;1769;894;875;
1431131;"Warszawa - Targówek do 2001 (1)";125251;59069;66182;5309;2742;2567;5754;2941;2813;6285;3247;3038;7774;3876;3898;10676;5262;5414;
1431141;"Warszawa - Ursus do 2001 (1)";41841;19842;21999;1931;965;966;2044;1079;965;2242;1114;1128;2786;1406;1380;3226;1524;1702;
1431151;"Warszawa - Ursynów do 2001 (1)";130175;62264;67911;5025;2549;2476;5172;2665;2507;7350;3758;3592;13064;6439;6625;16281;8115;8166;
1431161;"Warszawa - Wawer do 2001 (1)";60985;28751;32234;2551;1307;1244;3299;1713;1586;4161;2118;2043;4733;2438;2295;4398;2132;2266;
1431171;"Warszawa - Wilanów do 2001 (1)";13558;6413;7145;523;272;251;536;267;269;767;387;380;992;505;487;1234;635;599;
1431181;"Warszawa - Włochy do 2001 (1)";38612;18225;20387;1876;943;933;1968;978;990;2165;1128;1037;2507;1275;1232;2849;1417;1432;
1432000;"Powiat warszawski zachodni";93943;45606;48337;4830;2501;2329;5825;2950;2875;6685;3443;3242;7713;3999;3714;7462;3798;3664;
1432013;"Błonie (3)";19486;9290;10196;917;463;454;1169;600;569;1292;688;604;1478;778;700;1478;743;735;
1432014;"Błonie - miasto (4)";12088;5690;6398;543;275;268;630;325;305;746;389;357;867;446;421;939;477;462;
1432015;"Błonie - obszar wiejski (5)";7398;3600;3798;374;188;186;539;275;264;546;299;247;611;332;279;539;266;273;
1432022;"Izabelin (2)";9246;4543;4703;511;280;231;637;312;325;728;377;351;806;452;354;751;373;378;
1432032;"Kampinos (2)";3941;1961;1980;252;124;128;279;145;134;305;157;148;270;143;127;272;149;123;
1432042;"Leszno (2)";8078;3964;4114;440;242;198;491;252;239;585;297;288;718;354;364;622;335;287;
1432053;"Łomianki (3)";19200;9342;9858;958;499;459;1175;593;582;1379;714;665;1619;851;768;1591;773;818;
1432054;"Łomianki - miasto (4)";13888;6692;7196;650;351;299;821;412;409;975;497;478;1183;607;576;1195;583;612;
1432055;"Łomianki - obszar wiejski (5)";5312;2650;2662;308;148;160;354;181;173;404;217;187;436;244;192;396;190;206;
1432063;"Ożarów Mazowiecki (3)";20432;9859;10573;970;480;490;1220;612;608;1409;714;695;1730;869;861;1739;915;824;
1432064;"Ożarów Mazowiecki - miasto (4)";7835;3737;4098;390;195;195;437;215;222;447;228;219;514;261;253;635;342;293;
1432065;"Ożarów Mazowiecki - obszar wiejski (5)";12597;6122;6475;580;285;295;783;397;386;962;486;476;1216;608;608;1104;573;531;
1432072;"Stare Babice (2)";13560;6647;6913;782;413;369;854;436;418;987;496;491;1092;552;540;1009;510;499;
1433000;"Powiat węgrowski";69167;34372;34795;4063;2027;2036;5087;2598;2489;5755;2915;2840;5919;2985;2934;5193;2826;2367;
1433011;"Węgrów (1)";12587;6116;6471;685;344;341;932;482;450;1100;582;518;1205;614;591;975;512;463;
1433022;"Grębków (2)";4760;2412;2348;281;130;151;335;168;167;376;193;183;403;193;210;304;177;127;
1433032;"Korytnica (2)";7015;3635;3380;425;214;211;546;287;259;559;281;278;573;299;274;535;302;233;
1433042;"Liw (2)";7793;3893;3900;503;248;255;598;309;289;670;326;344;622;307;315;548;301;247;
1433053;"Łochów (3)";17415;8594;8821;1085;533;552;1278;663;615;1410;709;701;1515;763;752;1497;810;687;
1433054;"Łochów - miasto (4)";6374;3121;3253;402;197;205;469;259;210;553;270;283;617;308;309;530;291;239;
1433055;"Łochów - obszar wiejski (5)";11041;5473;5568;683;336;347;809;404;405;857;439;418;898;455;443;967;519;448;
1433062;"Miedzna (2)";4310;2138;2172;231;103;128;277;147;130;382;186;196;343;180;163;266;151;115;
1433072;"Sadowne (2)";6463;3147;3316;352;195;157;481;229;252;517;255;262;564;260;304;459;248;211;
1433082;"Stoczek (2)";5452;2707;2745;334;170;164;412;198;214;428;215;213;443;233;210;424;224;200;
1433092;"Wierzbno (2)";3372;1730;1642;167;90;77;228;115;113;313;168;145;251;136;115;185;101;84;
1434000;"Powiat wołomiński";191771;93208;98563;11443;5840;5603;13258;6730;6528;14491;7387;7104;15906;8092;7814;15587;7798;7789;
1434011;"Kobyłka (1)";17051;8187;8864;1017;510;507;1182;614;568;1345;685;660;1449;725;724;1305;636;669;
1434021;"Marki (1)";20249;9822;10427;1330;679;651;1388;714;674;1529;781;748;1546;763;783;1591;821;770;
1434031;"Ząbki (1)";20966;10147;10819;1352;698;654;1359;679;680;1415;726;689;1487;739;748;1680;826;854;
1434041;"Zielonka (1)";16504;7835;8669;965;496;469;1054;526;528;1080;557;523;1110;549;561;1233;588;645;
1434052;"Dąbrówka (2)";6665;3370;3295;399;197;202;581;299;282;584;295;289;599;301;298;571;303;268;
1434062;"Jadów (2)";7826;3898;3928;451;228;223;557;292;265;639;314;325;645;359;286;561;304;257;
1434072;"Klembów (2)";8513;4209;4304;553;289;264;630;310;320;684;338;346;748;396;352;657;322;335;
1434082;"Poświętne (2)";5954;3022;2932;367;173;194;484;242;242;566;281;285;578;325;253;436;231;205;
1434093;"Radzymin (3)";18233;8954;9279;1082;584;498;1341;679;662;1469;757;712;1613;802;811;1582;778;804;
1434094;"Radzymin - miasto (4)";7461;3548;3913;396;203;193;502;247;255;560;292;268;604;292;312;572;292;280;
1434095;"Radzymin - obszar wiejski (5)";10772;5406;5366;686;381;305;839;432;407;909;465;444;1009;510;499;1010;486;524;
1434102;"Strachówka (2)";3280;1685;1595;193;106;87;257;128;129;235;118;117;264;148;116;234;120;114;
1434113;"Tłuszcz (3)";18204;9035;9169;1142;582;560;1405;708;697;1439;745;694;1656;871;785;1583;812;771;
1434114;"Tłuszcz - miasto (4)";7097;3414;3683;379;181;198;489;237;252;554;284;270;672;344;328;668;341;327;
1434115;"Tłuszcz - obszar wiejski (5)";11107;5621;5486;763;401;362;916;471;445;885;461;424;984;527;457;915;471;444;
1434123;"Wołomin (3)";48326;23044;25282;2592;1298;1294;3020;1539;1481;3506;1790;1716;4211;2114;2097;4154;2057;2097;
1434124;"Wołomin - miasto (4)";36501;17253;19248;1803;904;899;2110;1086;1024;2521;1279;1242;3174;1585;1589;3202;1587;1615;
1434125;"Wołomin - obszar wiejski (5)";11825;5791;6034;789;394;395;910;453;457;985;511;474;1037;529;508;952;470;482;
1435000;"Powiat wyszkowski";71120;35197;35923;4492;2262;2230;5510;2782;2728;6269;3207;3062;6480;3308;3172;5531;2936;2595;
1435012;"Brańszczyk (2)";8439;4213;4226;507;255;252;617;304;313;693;351;342;657;343;314;600;321;279;
1435022;"Długosiodło (2)";7812;3932;3880;525;271;254;624;330;294;656;338;318;604;313;291;552;304;248;
1435032;"Rząśnik (2)";6748;3410;3338;501;239;262;563;293;270;600;303;297;586;290;296;549;307;242;
1435042;"Somianka (2)";5615;2831;2784;347;172;175;488;251;237;490;252;238;487;236;251;420;233;187;
1435053;"Wyszków (3)";36835;17997;18838;2259;1162;1097;2764;1385;1379;3355;1726;1629;3587;1850;1737;2920;1517;1403;
1435054;"Wyszków - miasto (4)";26334;12776;13558;1525;774;751;1863;940;923;2421;1256;1165;2705;1397;1308;2141;1105;1036;
1435055;"Wyszków - obszar wiejski (5)";10501;5221;5280;734;388;346;901;445;456;934;470;464;882;453;429;779;412;367;
1435062;"Zabrodzie (2)";5671;2814;2857;353;163;190;454;219;235;475;237;238;559;276;283;490;254;236;
1436000;"Powiat zwoleński";37665;18808;18857;2239;1157;1082;2915;1494;1421;3101;1587;1514;3028;1604;1424;2722;1493;1229;
1436012;"Kazanów (2)";4776;2420;2356;311;148;163;392;191;201;399;216;183;383;215;168;323;178;145;
1436022;"Policzna (2)";6106;3009;3097;348;166;182;509;270;239;497;242;255;469;249;220;359;206;153;
1436032;"Przyłęk (2)";6590;3355;3235;364;182;182;479;249;230;525;283;242;454;235;219;497;261;236;
1436042;"Tczów (2)";4916;2532;2384;313;178;135;391;219;172;437;220;217;423;231;192;421;234;187;
1436053;"Zwoleń (3)";15277;7492;7785;903;483;420;1144;565;579;1243;626;617;1299;674;625;1122;614;508;
1436054;"Zwoleń - miasto (4)";8193;3960;4233;467;257;210;565;277;288;660;328;332;704;365;339;626;346;280;
1436055;"Zwoleń - obszar wiejski (5)";7084;3532;3552;436;226;210;579;288;291;583;298;285;595;309;286;496;268;228;
1437000;"Powiat żuromiński";41062;20263;20799;2537;1278;1259;3136;1629;1507;3561;1802;1759;3375;1793;1582;2760;1467;1293;
1437013;"Bieżuń (3)";5520;2717;2803;345;183;162;426;217;209;464;234;230;444;237;207;363;180;183;
1437014;"Bieżuń - miasto (4)";1993;953;1040;106;50;56;151;74;77;186;96;90;146;78;68;118;59;59;
1437015;"Bieżuń - obszar wiejski (5)";3527;1764;1763;239;133;106;275;143;132;278;138;140;298;159;139;245;121;124;
1437022;"Kuczbork-Osada (2)";5174;2589;2585;306;149;157;340;178;162;413;206;207;417;217;200;391;218;173;
1437032;"Lubowidz (2)";7547;3652;3895;462;219;243;543;268;275;667;329;338;612;309;303;547;288;259;
1437042;"Lutocin (2)";4788;2402;2386;322;168;154;343;182;161;392;200;192;364;194;170;348;199;149;
1437052;"Siemiątkowo (2)";3742;1888;1854;247;133;114;321;159;162;307;165;142;293;157;136;240;136;104;
1437063;"Żuromin (3)";14291;7015;7276;855;426;429;1163;625;538;1318;668;650;1245;679;566;871;446;425;
1437064;"Żuromin - miasto (4)";8559;4154;4405;481;240;241;687;374;313;846;435;411;807;442;365;526;267;259;
1437065;"Żuromin - obszar wiejski (5)";5732;2861;2871;374;186;188;476;251;225;472;233;239;438;237;201;345;179;166;
1438000;"Powiat żyrardowski";74962;35901;39061;3827;1920;1907;4648;2397;2251;5271;2716;2555;6152;3193;2959;6024;3074;2950;
1438011;"Żyrardów (1)";41967;19625;22342;1988;984;1004;2345;1199;1146;2886;1518;1368;3501;1808;1693;3430;1727;1703;
1438023;"Mszczonów (3)";10806;5245;5561;580;270;310;800;413;387;739;358;381;884;450;434;837;428;409;
1438024;"Mszczonów - miasto (4)";6193;2944;3249;313;138;175;409;221;188;418;190;228;518;268;250;521;267;254;
1438025;"Mszczonów - obszar wiejski (5)";4613;2301;2312;267;132;135;391;192;199;321;168;153;366;182;184;316;161;155;
1438032;"Puszcza Mariańska (2)";8405;4152;4253;441;220;221;548;276;272;587;302;285;755;428;327;680;364;316;
1438042;"Radziejowice (2)";4517;2221;2296;260;142;118;335;167;168;360;173;187;328;160;168;308;150;158;
1438052;"Wiskitki (2)";9267;4658;4609;558;304;254;620;342;278;699;365;334;684;347;337;769;405;364;
1461000;"Powiat m.Ostrołęka";54315;26279;28036;2880;1469;1411;3604;1830;1774;4733;2392;2341;5636;2913;2723;4452;2208;2244;
1461011;"Ostrołęka (1)";54315;26279;28036;2880;1469;1411;3604;1830;1774;4733;2392;2341;5636;2913;2723;4452;2208;2244;
1462000;"Powiat m.Płock";128580;61841;66739;6030;3062;2968;7521;3822;3699;8809;4534;4275;10935;5663;5272;11589;5921;5668;
1462011;"Płock (1)";128580;61841;66739;6030;3062;2968;7521;3822;3699;8809;4534;4275;10935;5663;5272;11589;5921;5668;
1463000;"Powiat m.Radom";230492;110421;120071;11230;5778;5452;14080;7239;6841;17182;8910;8272;21693;11036;10657;19826;10214;9612;
1463011;"Radom (1)";230492;110421;120071;11230;5778;5452;14080;7239;6841;17182;8910;8272;21693;11036;10657;19826;10214;9612;
1464000;"Powiat m.Siedlce";76454;36290;40164;3845;2049;1796;4613;2389;2224;6093;3022;3071;7814;3903;3911;7224;3439;3785;
1464011;"Siedlce (1)";76454;36290;40164;3845;2049;1796;4613;2389;2224;6093;3022;3071;7814;3903;3911;7224;3439;3785;
1600000;"OPOLSKIE";1070598;520281;550317;52050;26657;25393;64729;32975;31754;82651;42514;40137;94083;48042;46041;84874;42293;42581;
1601000;"Powiat brzeski";92992;45158;47834;5056;2510;2546;6092;3107;2985;7232;3753;3479;8262;4258;4004;7333;3698;3635;
1601011;"Brzeg (1)";39169;18616;20553;1874;915;959;2303;1205;1098;2753;1431;1322;3305;1658;1647;3059;1540;1519;
1601022;"Skarbimierz (2)";6962;3476;3486;505;254;251;564;287;277;528;282;246;570;296;274;505;235;270;
1601033;"Grodków (3)";19744;9699;10045;1108;552;556;1357;671;686;1747;913;834;1873;990;883;1539;780;759;
1601034;"Grodków - miasto (4)";8843;4232;4611;395;192;203;520;247;273;790;426;364;966;503;463;677;336;341;
1601035;"Grodków - obszar wiejski (5)";10901;5467;5434;713;360;353;837;424;413;957;487;470;907;487;420;862;444;418;
1601043;"Lewin Brzeski (3)";13643;6657;6986;844;417;427;1007;509;498;1069;538;531;1221;641;580;1131;553;578;
1601044;"Lewin Brzeski - miasto (4)";5875;2793;3082;340;154;186;423;214;209;442;214;228;532;279;253;495;252;243;
1601045;"Lewin Brzeski - obszar wiejski (5)";7768;3864;3904;504;263;241;584;295;289;627;324;303;689;362;327;636;301;335;
1601052;"Lubsza (2)";8421;4168;4253;438;234;204;515;240;275;692;361;331;820;427;393;701;370;331;
1601062;"Olszanka (2)";5053;2542;2511;287;138;149;346;195;151;443;228;215;473;246;227;398;220;178;
1602000;"Powiat głubczycki";52081;25557;26524;2624;1367;1257;3252;1677;1575;4114;2082;2032;4638;2455;2183;3724;1922;1802;
1602013;"Baborów (3)";7089;3537;3552;367;203;164;459;250;209;669;371;298;611;316;295;438;227;211;
1602014;"Baborów - miasto (4)";3457;1701;1756;166;96;70;230;115;115;315;173;142;310;161;149;211;107;104;
1602015;"Baborów - obszar wiejski (5)";3632;1836;1796;201;107;94;229;135;94;354;198;156;301;155;146;227;120;107;
1602022;"Branice (2)";8102;3984;4118;389;205;184;481;260;221;598;296;302;672;353;319;637;321;316;
1602033;"Głubczyce (3)";24656;12066;12590;1237;641;596;1457;741;716;1858;947;911;2241;1195;1046;1739;897;842;
1602034;"Głubczyce - miasto (4)";13633;6543;7090;666;343;323;741;383;358;1000;503;497;1250;701;549;973;487;486;
1602035;"Głubczyce - obszar wiejski (5)";11023;5523;5500;571;298;273;716;358;358;858;444;414;991;494;497;766;410;356;
1602043;"Kietrz (3)";12234;5970;6264;631;318;313;855;426;429;989;468;521;1114;591;523;910;477;433;
1602044;"Kietrz - miasto (4)";6634;3176;3458;319;163;156;454;232;222;533;255;278;594;307;287;496;248;248;
1602045;"Kietrz - obszar wiejski (5)";5600;2794;2806;312;155;157;401;194;207;456;213;243;520;284;236;414;229;185;
1603000;"Powiat kędzierzyńsko-kozielski";105625;51326;54299;5016;2677;2339;6086;3113;2973;8226;4199;4027;8801;4459;4342;7572;3748;3824;
1603011;"Kędzierzyn-Koźle (1)";67756;32863;34893;3238;1740;1498;3928;2032;1896;5062;2607;2455;5539;2847;2692;5057;2491;2566;
1603022;"Bierawa (2)";8176;3961;4215;368;183;185;470;218;252;668;335;333;738;348;390;530;267;263;
1603032;"Cisek (2)";7074;3443;3631;327;171;156;377;198;179;611;299;312;603;312;291;471;235;236;
1603042;"Pawłowiczki (2)";8815;4339;4476;432;220;212;497;267;230;729;362;367;759;390;369;671;343;328;
1603052;"Polska Cerekiew (2)";4950;2401;2549;220;118;102;296;151;145;430;224;206;431;217;214;277;131;146;
1603062;"Reńska Wieś (2)";8854;4319;4535;431;245;186;518;247;271;726;372;354;731;345;386;566;281;285;
1604000;"Powiat kluczborski";71900;35195;36705;3754;1922;1832;4729;2427;2302;5905;3050;2855;6799;3526;3273;5508;2800;2708;
1604013;"Byczyna (3)";9962;4879;5083;609;286;323;675;349;326;879;450;429;975;483;492;765;404;361;
1604014;"Byczyna - miasto (4)";3676;1769;1907;206;101;105;240;132;108;333;167;166;339;169;170;276;147;129;
1604015;"Byczyna - obszar wiejski (5)";6286;3110;3176;403;185;218;435;217;218;546;283;263;636;314;322;489;257;232;
1604023;"Kluczbork (3)";39727;19310;20417;1938;1025;913;2476;1268;1208;3234;1685;1549;3803;2006;1797;2989;1483;1506;
1604024;"Kluczbork - miasto (4)";26799;12902;13897;1225;643;582;1599;815;784;2151;1119;1032;2672;1430;1242;2015;1004;1011;
1604025;"Kluczbork - obszar wiejski (5)";12928;6408;6520;713;382;331;877;453;424;1083;566;517;1131;576;555;974;479;495;
1604032;"Lasowice Wielkie (2)";7366;3612;3754;355;180;175;502;241;261;608;319;289;665;331;334;558;269;289;
1604043;"Wołczyn (3)";14845;7394;7451;852;431;421;1076;569;507;1184;596;588;1356;706;650;1196;644;552;
1604044;"Wołczyn - miasto (4)";6355;3096;3259;329;169;160;475;259;216;545;276;269;538;288;250;492;253;239;
1604045;"Wołczyn - obszar wiejski (5)";8490;4298;4192;523;262;261;601;310;291;639;320;319;818;418;400;704;391;313;
1605000;"Powiat krapkowicki";70843;34718;36125;3434;1782;1652;4332;2249;2083;5593;2936;2657;6095;3040;3055;5591;2706;2885;
1605013;"Gogolin (3)";12547;6144;6403;567;284;283;726;393;333;1085;563;522;1044;491;553;835;407;428;
1605014;"Gogolin - miasto (4)";6383;3154;3229;303;155;148;359;211;148;571;286;285;534;260;274;441;207;234;
1605015;"Gogolin - obszar wiejski (5)";6164;2990;3174;264;129;135;367;182;185;514;277;237;510;231;279;394;200;194;
1605023;"Krapkowice (3)";25596;12474;13122;1212;643;569;1566;811;755;1860;1002;858;2140;1108;1032;2137;1057;1080;
1605024;"Krapkowice - miasto (4)";18940;9222;9718;890;475;415;1157;615;542;1343;734;609;1622;826;796;1696;854;842;
1605025;"Krapkowice - obszar wiejski (5)";6656;3252;3404;322;168;154;409;196;213;517;268;249;518;282;236;441;203;238;
1605032;"Strzeleczki (2)";8368;4012;4356;402;203;199;540;275;265;729;364;365;668;312;356;542;236;306;
1605042;"Walce (2)";6262;3036;3226;297;154;143;336;157;179;525;267;258;525;272;253;425;188;237;
1605053;"Zdzieszowice (3)";18070;9052;9018;956;498;458;1164;613;551;1394;740;654;1718;857;861;1652;818;834;
1605054;"Zdzieszowice - miasto (4)";13901;6977;6924;723;379;344;907;490;417;1112;584;528;1410;699;711;1338;667;671;
1605055;"Zdzieszowice - obszar wiejski (5)";4169;2075;2094;233;119;114;257;123;134;282;156;126;308;158;150;314;151;163;
1606000;"Powiat namysłowski";44553;21814;22739;2409;1216;1193;2955;1417;1538;3488;1826;1662;3999;2019;1980;3648;1893;1755;
1606012;"Domaszowice (2)";3873;1925;1948;234;118;116;242;131;111;307;160;147;349;178;171;337;184;153;
1606023;"Namysłów (3)";26697;13012;13685;1364;696;668;1686;793;893;2056;1083;973;2336;1215;1121;2178;1132;1046;
1606024;"Namysłów - miasto (4)";16956;8136;8820;791;402;389;992;463;529;1246;641;605;1525;786;739;1397;725;672;
1606025;"Namysłów - obszar wiejski (5)";9741;4876;4865;573;294;279;694;330;364;810;442;368;811;429;382;781;407;374;
1606032;"Pokój (2)";5621;2745;2876;296;153;143;397;190;207;457;232;225;550;241;309;489;253;236;
1606042;"Świerczów (2)";3705;1824;1881;213;91;122;279;140;139;294;174;120;340;163;177;272;143;129;
1606052;"Wilków (2)";4657;2308;2349;302;158;144;351;163;188;374;177;197;424;222;202;372;181;191;
1607000;"Powiat nyski";148570;72539;76031;7633;3906;3727;9490;4833;4657;11437;5971;5466;13088;6702;6386;11509;5930;5579;
1607013;"Głuchołazy (3)";26646;12901;13745;1250;643;607;1647;822;825;2156;1137;1019;2195;1172;1023;2048;1061;987;
1607014;"Głuchołazy - miasto (4)";15525;7397;8128;680;359;321;869;412;457;1210;641;569;1235;660;575;1215;634;581;
1607015;"Głuchołazy - obszar wiejski (5)";11121;5504;5617;570;284;286;778;410;368;946;496;450;960;512;448;833;427;406;
1607022;"Kamiennik (2)";3858;1910;1948;220;107;113;281;146;135;323;163;160;327;175;152;275;154;121;
1607033;"Korfantów (3)";9954;4931;5023;554;305;249;726;382;344;875;431;444;920;472;448;753;412;341;
1607034;"Korfantów - miasto (4)";1997;954;1043;89;44;45;119;66;53;178;83;95;195;96;99;149;82;67;
1607035;"Korfantów - obszar wiejski (5)";7957;3977;3980;465;261;204;607;316;291;697;348;349;725;376;349;604;330;274;
1607042;"Łambinowice (2)";8396;4287;4109;484;236;248;597;306;291;612;298;314;700;364;336;658;339;319;
1607053;"Nysa (3)";60620;29250;31370;2878;1483;1395;3611;1850;1761;4420;2353;2067;5291;2685;2606;4706;2388;2318;
1607054;"Nysa - miasto (4)";48234;23128;25106;2147;1127;1020;2740;1382;1358;3440;1836;1604;4188;2124;2064;3680;1855;1825;
1607055;"Nysa - obszar wiejski (5)";12386;6122;6264;731;356;375;871;468;403;980;517;463;1103;561;542;1026;533;493;
1607063;"Otmuchów (3)";14630;7208;7422;829;404;425;972;476;496;1147;598;549;1308;679;629;1142;591;551;
1607064;"Otmuchów - miasto (4)";5434;2624;2810;295;146;149;320;160;160;406;221;185;478;247;231;436;217;219;
1607065;"Otmuchów - obszar wiejski (5)";9196;4584;4612;534;258;276;652;316;336;741;377;364;830;432;398;706;374;332;
1607073;"Paczków (3)";14016;6871;7145;779;411;368;896;472;424;1108;579;529;1275;623;652;1124;582;542;
1607074;"Paczków - miasto (4)";8358;4049;4309;438;229;209;520;276;244;654;332;322;726;353;373;629;338;291;
1607075;"Paczków - obszar wiejski (5)";5658;2822;2836;341;182;159;376;196;180;454;247;207;549;270;279;495;244;251;
1607082;"Pakosławice (2)";3886;1902;1984;219;103;116;271;125;146;299;147;152;439;201;238;290;155;135;
1607092;"Skoroszyce (2)";6564;3279;3285;420;214;206;489;254;235;497;265;232;633;331;302;513;248;265;
1608000;"Powiat oleski";70339;34524;35815;3524;1781;1743;4393;2216;2177;5698;2937;2761;6108;3191;2917;5030;2509;2521;
1608013;"Dobrodzień (3)";11090;5487;5603;554;261;293;672;336;336;878;453;425;995;548;447;765;377;388;
1608014;"Dobrodzień - miasto (4)";4451;2168;2283;196;91;105;259;143;116;350;162;188;414;244;170;306;146;160;
1608015;"Dobrodzień - obszar wiejski (5)";6639;3319;3320;358;170;188;413;193;220;528;291;237;581;304;277;459;231;228;
1608023;"Gorzów Śląski (3)";7999;3917;4082;420;230;190;504;248;256;692;372;320;700;349;351;623;294;329;
1608024;"Gorzów Śląski - miasto (4)";2700;1297;1403;140;68;72;153;75;78;220;115;105;219;114;105;228;114;114;
1608025;"Gorzów Śląski - obszar wiejski (5)";5299;2620;2679;280;162;118;351;173;178;472;257;215;481;235;246;395;180;215;
1608033;"Olesno (3)";19384;9407;9977;976;487;489;1221;608;613;1600;816;784;1568;833;735;1264;605;659;
1608034;"Olesno - miasto (4)";10529;5103;5426;482;253;229;611;324;287;878;460;418;862;467;395;706;344;362;
1608035;"Olesno - obszar wiejski (5)";8855;4304;4551;494;234;260;610;284;326;722;356;366;706;366;340;558;261;297;
1608043;"Praszka (3)";14176;6967;7209;662;368;294;868;449;419;1149;601;548;1384;683;701;1139;605;534;
1608044;"Praszka - miasto (4)";8484;4140;4344;360;205;155;521;258;263;745;390;355;927;446;481;744;411;333;
1608045;"Praszka - obszar wiejski (5)";5692;2827;2865;302;163;139;347;191;156;404;211;193;457;237;220;395;194;201;
1608052;"Radłów (2)";4661;2311;2350;252;113;139;316;150;166;369;185;184;394;202;192;321;153;168;
1608062;"Rudniki (2)";8752;4271;4481;458;227;231;554;290;264;649;322;327;717;379;338;640;328;312;
1608072;"Zębowice (2)";4277;2164;2113;202;95;107;258;135;123;361;188;173;350;197;153;278;147;131;
1609000;"Powiat opolski";137068;67097;69971;6401;3311;3090;8198;4190;4008;10666;5454;5212;12169;6270;5899;10872;5361;5511;
1609012;"Chrząstowice (2)";6670;3286;3384;297;165;132;390;201;189;476;240;236;581;283;298;503;234;269;
1609022;"Dąbrowa (2)";9451;4639;4812;484;252;232;585;275;310;761;384;377;805;428;377;723;368;355;
1609032;"Dobrzeń Wielki (2)";14193;6854;7339;660;350;310;941;467;474;1094;546;548;1106;546;560;1069;510;559;
1609042;"Komprachcice (2)";11069;5378;5691;451;213;238;584;297;287;831;440;391;993;496;497;864;423;441;
1609052;"Łubniany (2)";9117;4422;4695;365;193;172;523;266;257;692;343;349;760;395;365;681;333;348;
1609062;"Murów (2)";6395;3153;3242;289;150;139;388;199;189;490;244;246;514;244;270;490;249;241;
1609073;"Niemodlin (3)";13966;6922;7044;768;394;374;899;471;428;1129;586;543;1297;649;648;1210;631;579;
1609074;"Niemodlin - miasto (4)";6979;3368;3611;334;171;163;435;238;197;588;287;301;693;339;354;589;301;288;
1609075;"Niemodlin - obszar wiejski (5)";6987;3554;3433;434;223;211;464;233;231;541;299;242;604;310;294;621;330;291;
1609083;"Ozimek (3)";21723;10698;11025;878;464;414;1215;632;583;1742;884;858;1981;1014;967;1845;910;935;
1609084;"Ozimek - miasto (4)";10479;5148;5331;440;231;209;606;313;293;906;460;446;987;506;481;993;493;500;
1609085;"Ozimek - obszar wiejski (5)";11244;5550;5694;438;233;205;609;319;290;836;424;412;994;508;486;852;417;435;
1609092;"Popielów (2)";8797;4325;4472;428;235;193;517;259;258;677;342;335;766;399;367;695;318;377;
1609102;"Prószków (2)";10111;4831;5280;491;254;237;593;316;277;766;415;351;853;428;425;754;373;381;
1609112;"Tarnów Opolski (2)";10383;5088;5295;590;298;292;630;331;299;804;431;373;826;410;416;770;375;395;
1609122;"Tułowice (2)";5672;2854;2818;269;132;137;323;165;158;453;225;228;839;532;307;559;291;268;
1609132;"Turawa (2)";9521;4647;4874;431;211;220;610;311;299;751;374;377;848;446;402;709;346;363;
1610000;"Powiat prudnicki";62345;29910;32435;3077;1551;1526;3911;2062;1849;4958;2493;2465;5282;2623;2659;4446;2190;2256;
1610013;"Biała (3)";12247;5891;6356;584;293;291;756;375;381;1021;513;508;1048;524;524;841;409;432;
1610014;"Biała - miasto (4)";2831;1321;1510;130;70;60;152;79;73;231;109;122;235;117;118;216;98;118;
1610015;"Biała - obszar wiejski (5)";9416;4570;4846;454;223;231;604;296;308;790;404;386;813;407;406;625;311;314;
1610023;"Głogówek (3)";15328;7435;7893;730;376;354;944;533;411;1256;634;622;1235;594;641;1013;467;546;
1610024;"Głogówek - miasto (4)";6410;3068;3342;293;141;152;431;237;194;550;277;273;528;245;283;398;178;220;
1610025;"Głogówek - obszar wiejski (5)";8918;4367;4551;437;235;202;513;296;217;706;357;349;707;349;358;615;289;326;
1610032;"Lubrza (2)";4579;2227;2352;254;120;134;312;152;160;406;210;196;413;204;209;339;154;185;
1610043;"Prudnik (3)";30191;14357;15834;1509;762;747;1899;1002;897;2275;1136;1139;2586;1301;1285;2253;1160;1093;
1610044;"Prudnik - miasto (4)";23800;11182;12618;1102;542;560;1406;742;664;1703;838;865;2057;1032;1025;1780;906;874;
1610045;"Prudnik - obszar wiejski (5)";6391;3175;3216;407;220;187;493;260;233;572;298;274;529;269;260;473;254;219;
1611000;"Powiat strzelecki";83855;41124;42731;3915;1951;1964;5127;2561;2566;7092;3611;3481;7395;3813;3582;6274;3185;3089;
1611012;"Izbicko (2)";5572;2700;2872;245;124;121;368;173;195;496;260;236;517;250;267;368;186;182;
1611022;"Jemielnica (2)";7659;3831;3828;352;170;182;461;236;225;669;339;330;664;371;293;560;272;288;
1611033;"Kolonowskie (3)";6674;3279;3395;251;130;121;349;169;180;532;279;253;642;349;293;484;242;242;
1611034;"Kolonowskie - miasto (4)";3759;1859;1900;160;81;79;207;99;108;310;161;149;362;191;171;289;150;139;
1611035;"Kolonowskie - obszar wiejski (5)";2915;1420;1495;91;49;42;142;70;72;222;118;104;280;158;122;195;92;103;
1611043;"Leśnica (3)";9054;4360;4694;417;195;222;602;298;304;754;372;382;780;400;380;598;308;290;
1611044;"Leśnica - miasto (4)";3080;1449;1631;146;73;73;219;115;104;242;122;120;307;150;157;218;112;106;
1611045;"Leśnica - obszar wiejski (5)";5974;2911;3063;271;122;149;383;183;200;512;250;262;473;250;223;380;196;184;
1611053;"Strzelce Opolskie (3)";34796;17019;17777;1693;845;848;2090;1071;1019;2872;1463;1409;3035;1527;1508;2736;1377;1359;
1611054;"Strzelce Opolskie - miasto (4)";21080;10177;10903;1022;494;528;1210;595;615;1659;853;806;1814;909;905;1753;874;879;
1611055;"Strzelce Opolskie - obszar wiejski (5)";13716;6842;6874;671;351;320;880;476;404;1213;610;603;1221;618;603;983;503;480;
1611063;"Ujazd (3)";6425;3175;3250;345;187;158;437;212;225;582;291;291;566;299;267;495;250;245;
1611064;"Ujazd - miasto (4)";1649;833;816;71;43;28;105;47;58;150;81;69;151;88;63;141;77;64;
1611065;"Ujazd - obszar wiejski (5)";4776;2342;2434;274;144;130;332;165;167;432;210;222;415;211;204;354;173;181;
1611073;"Zawadzkie (3)";13675;6760;6915;612;300;312;820;402;418;1187;607;580;1191;617;574;1033;550;483;
1611074;"Zawadzkie - miasto (4)";8996;4467;4529;386;183;203;560;274;286;808;418;390;784;400;384;698;383;315;
1611075;"Zawadzkie - obszar wiejski (5)";4679;2293;2386;226;117;109;260;128;132;379;189;190;407;217;190;335;167;168;
1661000;"Powiat m.Opole";130427;61319;69108;5207;2683;2524;6164;3123;3041;8242;4202;4040;11447;5686;5761;13367;6351;7016;
1661011;"Opole (1)";130427;61319;69108;5207;2683;2524;6164;3123;3041;8242;4202;4040;11447;5686;5761;13367;6351;7016;
1800000;"PODKARPACKIE";2101375;1028616;1072759;124818;64198;60620;152813;77847;74966;180539;92398;88141;193066;98613;94453;167165;85585;81580;
1801000;"Powiat bieszczadzki";48865;24482;24383;2908;1511;1397;3635;1834;1801;4354;2170;2184;4674;2493;2181;3784;1932;1852;
1801012;"Baligród (2)";3252;1641;1611;220;111;109;253;126;127;301;162;139;270;149;121;230;115;115;
1801022;"Cisna (2)";1643;859;784;88;47;41;125;61;64;138;68;70;100;43;57;134;69;65;
1801032;"Czarna (2)";2382;1204;1178;149;84;65;223;99;124;219;108;111;193;104;89;158;78;80;
1801043;"Lesko (3)";11536;5770;5766;626;326;300;769;395;374;964;450;514;1257;691;566;925;482;443;
1801044;"Lesko - miasto (4)";5979;2926;3053;292;143;149;366;177;189;467;208;259;777;454;323;493;253;240;
1801045;"Lesko - obszar wiejski (5)";5557;2844;2713;334;183;151;403;218;185;497;242;255;480;237;243;432;229;203;
1801052;"Lutowiska (2)";2207;1162;1045;154;67;87;179;92;87;223;116;107;162;97;65;178;102;76;
1801062;"Olszanica (2)";6602;3323;3279;434;216;218;519;274;245;580;286;294;591;304;287;551;266;285;
1801072;"Solina (2)";5089;2569;2520;304;162;142;399;201;198;440;241;199;443;213;230;361;182;179;
1801083;"Ustrzyki Dolne (3)";16154;7954;8200;933;498;435;1168;586;582;1489;739;750;1658;892;766;1247;638;609;
1801084;"Ustrzyki Dolne - miasto (4)";9748;4714;5034;505;262;243;642;318;324;931;463;468;1145;609;536;827;407;420;
1801085;"Ustrzyki Dolne - obszar wiejski (5)";6406;3240;3166;428;236;192;526;268;258;558;276;282;513;283;230;420;231;189;
1802000;"Powiat brzozowski";65143;32091;33052;4268;2165;2103;5063;2564;2499;5904;3014;2890;5721;2925;2796;5089;2677;2412;
1802013;"Brzozów (3)";25840;12605;13235;1702;849;853;1983;1016;967;2398;1255;1143;2379;1210;1169;2096;1076;1020;
1802014;"Brzozów - miasto (4)";7732;3700;4032;415;209;206;515;280;235;695;366;329;769;393;376;610;311;299;
1802015;"Brzozów - obszar wiejski (5)";18108;8905;9203;1287;640;647;1468;736;732;1703;889;814;1610;817;793;1486;765;721;
1802022;"Domaradz (2)";6203;3125;3078;411;210;201;522;266;256;543;296;247;512;263;249;466;257;209;
1802032;"Dydnia (2)";8250;4137;4113;537;279;258;677;342;335;769;383;386;719;351;368;614;333;281;
1802042;"Haczów (2)";9080;4444;4636;564;297;267;649;323;326;814;398;416;830;411;419;756;379;377;
1802052;"Jasienica Rosielna (2)";7141;3489;3652;553;276;277;602;301;301;670;339;331;607;339;268;503;268;235;
1802062;"Nozdrzec (2)";8629;4291;4338;501;254;247;630;316;314;710;343;367;674;351;323;654;364;290;
1803000;"Powiat dębicki";131480;65107;66373;8066;4225;3841;10089;5259;4830;12065;6172;5893;12686;6566;6120;10376;5387;4989;
1803011;"Dębica (1)";47798;23289;24509;2373;1220;1153;3160;1638;1522;4550;2304;2246;5132;2628;2504;3899;2013;1886;
1803022;"Brzostek (2)";13060;6550;6510;928;496;432;1091;560;531;1183;621;562;1138;598;540;984;510;474;
1803032;"Czarna (2)";12168;6058;6110;763;399;364;994;513;481;1133;583;550;1161;602;559;940;487;453;
1803042;"Dębica (2)";23067;11433;11634;1558;787;771;1930;1040;890;2036;1031;1005;2109;1084;1025;1861;980;881;
1803052;"Jodłowa (2)";5532;2809;2723;337;179;158;442;249;193;503;260;243;525;265;260;382;217;165;
1803063;"Pilzno (3)";16962;8511;8451;1189;650;539;1393;709;684;1470;756;714;1455;786;669;1326;694;632;
1803064;"Pilzno - miasto (4)";4266;2129;2137;229;138;91;335;154;181;379;199;180;405;219;186;339;182;157;
1803065;"Pilzno - obszar wiejski (5)";12696;6382;6314;960;512;448;1058;555;503;1091;557;534;1050;567;483;987;512;475;
1803072;"Żyraków (2)";12893;6457;6436;918;494;424;1079;550;529;1190;617;573;1166;603;563;984;486;498;
1804000;"Powiat jarosławski";121792;58914;62878;7493;3852;3641;8989;4591;4398;10594;5316;5278;11757;5834;5923;9526;4925;4601;
1804011;"Jarosław (1)";40286;18748;21538;1962;999;963;2376;1187;1189;3177;1567;1610;4400;2079;2321;3230;1602;1628;
1804021;"Radymno (1)";5694;2786;2908;361;181;180;479;252;227;560;290;270;564;277;287;376;198;178;
1804032;"Chłopice (2)";5672;2784;2888;349;198;151;454;229;225;533;268;265;496;233;263;393;216;177;
1804042;"Jarosław (2)";12507;6143;6364;861;430;431;962;497;465;1096;539;557;1166;627;539;1027;524;503;
1804052;"Laszki (2)";7070;3548;3522;507;269;238;577;303;274;672;359;313;675;328;347;518;283;235;
1804062;"Pawłosiów (2)";7900;3824;4076;533;283;250;606;323;283;732;355;377;651;330;321;603;295;308;
1804072;"Pruchnik (2)";9425;4699;4726;642;329;313;830;422;408;831;444;387;828;445;383;753;412;341;
1804082;"Radymno (2)";11445;5610;5835;774;397;377;857;427;430;991;511;480;1084;556;528;963;521;442;
1804092;"Rokietnica (2)";4410;2193;2217;274;140;134;370;184;186;388;193;195;336;171;165;313;165;148;
1804102;"Roźwienica (2)";6524;3193;3331;464;255;209;559;295;264;596;285;311;563;284;279;483;248;235;
1804112;"Wiązownica (2)";10859;5386;5473;766;371;395;919;472;447;1018;505;513;994;504;490;867;461;406;
1805000;"Powiat jasielski";123571;60524;63047;7470;3868;3602;9090;4553;4537;10602;5431;5171;10843;5562;5281;9255;4789;4466;
1805011;"Jasło (1)";38075;18225;19850;1948;968;980;2374;1172;1202;3154;1593;1561;3571;1817;1754;2932;1508;1424;
1805022;"Brzyska (2)";6204;3132;3072;449;230;219;541;284;257;512;271;241;558;295;263;458;244;214;
1805032;"Dębowiec (2)";8228;4068;4160;520;261;259;603;285;318;704;370;334;668;337;331;626;331;295;
1805042;"Jasło (2)";15740;7681;8059;975;513;462;1233;617;616;1385;680;705;1313;693;620;1099;566;533;
1805052;"Kołaczyce (2)";8579;4305;4274;567;305;262;712;354;358;755;407;348;766;383;383;661;348;313;
1805062;"Krempna (2)";2034;1078;956;139;76;63;163;90;73;252;135;117;160;81;79;129;82;47;
1805072;"Nowy Żmigród (2)";9519;4731;4788;608;324;284;737;379;358;895;452;443;849;436;413;682;372;310;
1805082;"Osiek Jasielski (2)";5299;2632;2667;346;198;148;430;207;223;467;236;231;444;225;219;434;208;226;
1805092;"Skołyszyn (2)";12406;6110;6296;746;365;381;987;536;451;1066;553;513;1038;541;497;939;475;464;
1805102;"Szerzyny (2)";8368;4120;4248;576;290;286;620;296;324;684;349;335;743;379;364;669;338;331;
1805112;"Tarnowiec (2)";9119;4442;4677;596;338;258;690;333;357;728;385;343;733;375;358;626;317;309;
1806000;"Powiat kolbuszowski";60788;30347;30441;4094;2118;1976;4966;2505;2461;5364;2770;2594;5453;2805;2648;4897;2514;2383;
1806012;"Cmolas (2)";7806;3938;3868;577;307;270;682;375;307;686;348;338;671;341;330;592;309;283;
1806023;"Kolbuszowa (3)";23949;11683;12266;1488;766;722;1871;912;959;2172;1105;1067;2233;1133;1100;2022;1022;1000;
1806024;"Kolbuszowa - miasto (4)";8914;4330;4584;488;239;249;633;307;326;851;441;410;927;475;452;812;432;380;
1806025;"Kolbuszowa - obszar wiejski (5)";15035;7353;7682;1000;527;473;1238;605;633;1321;664;657;1306;658;648;1210;590;620;
1806032;"Majdan Królewski (2)";9676;4886;4790;669;327;342;814;425;389;855;433;422;846;434;412;746;386;360;
1806042;"Niwiska (2)";5679;2818;2861;397;202;195;467;238;229;468;256;212;480;243;237;473;225;248;
1806052;"Raniżów (2)";7140;3666;3474;491;250;241;597;298;299;641;349;292;622;333;289;551;300;251;
1806062;"Dzikowiec (2)";6538;3356;3182;472;266;206;535;257;278;542;279;263;601;321;280;513;272;241;
1807000;"Powiat krośnieński";108640;53156;55484;6792;3505;3287;8069;4173;3896;9094;4621;4473;9619;4957;4662;8013;4127;3886;
1807012;"Chorkówka (2)";12852;6269;6583;830;438;392;938;503;435;1069;519;550;1097;573;524;1027;504;523;
1807023;"Dukla (3)";16737;8206;8531;1064;542;522;1300;670;630;1367;672;695;1375;695;680;1186;628;558;
1807024;"Dukla - miasto (4)";2162;1071;1091;111;67;44;163;90;73;186;97;89;201;107;94;160;87;73;
1807025;"Dukla - obszar wiejski (5)";14575;7135;7440;953;475;478;1137;580;557;1181;575;606;1174;588;586;1026;541;485;
1807033;"Iwonicz-Zdrój (3)";10689;5281;5408;707;366;341;873;472;401;955;491;464;1104;530;574;761;393;368;
1807034;"Iwonicz-Zdrój - miasto (4)";2038;906;1132;84;40;44;147;77;70;150;82;68;269;114;155;98;37;61;
1807035;"Iwonicz-Zdrój - obszar wiejski (5)";8651;4375;4276;623;326;297;726;395;331;805;409;396;835;416;419;663;356;307;
1807043;"Jedlicze (3)";14980;7355;7625;839;442;397;1072;576;496;1213;633;580;1320;679;641;1146;610;536;
1807044;"Jedlicze - miasto (4)";5598;2739;2859;284;146;138;381;197;184;461;246;215;476;254;222;408;220;188;
1807045;"Jedlicze - obszar wiejski (5)";9382;4616;4766;555;296;259;691;379;312;752;387;365;844;425;419;738;390;348;
1807052;"Korczyna (2)";10591;5210;5381;645;332;313;795;395;400;920;468;452;923;491;432;777;395;382;
1807062;"Krościenko Wyżne (2)";4945;2403;2542;338;180;158;413;200;213;383;191;192;391;207;184;361;170;191;
1807072;"Miejsce Piastowe (2)";13243;6439;6804;884;457;427;971;501;470;1084;555;529;1252;677;575;982;506;476;
1807083;"Rymanów (3)";15549;7613;7936;947;486;461;1096;561;535;1344;704;640;1369;696;673;1097;577;520;
1807084;"Rymanów - miasto (4)";3623;1730;1893;213;111;102;237;112;125;296;159;137;308;161;147;188;99;89;
1807085;"Rymanów - obszar wiejski (5)";11926;5883;6043;734;375;359;859;449;410;1048;545;503;1061;535;526;909;478;431;
1807092;"Wojaszówka (2)";9054;4380;4674;538;262;276;611;295;316;759;388;371;788;409;379;676;344;332;
1808000;"Powiat leżajski";68870;34073;34797;4487;2350;2137;5309;2733;2576;6159;3167;2992;6240;3204;3036;5302;2808;2494;
1808011;"Leżajsk (1)";14240;6828;7412;780;413;367;937;469;468;1168;624;544;1375;701;674;1217;646;571;
1808022;"Grodzisko Dolne (2)";8240;4127;4113;550;273;277;608;316;292;698;341;357;703;359;344;597;345;252;
1808032;"Kuryłówka (2)";5686;2895;2791;365;177;188;477;258;219;538;279;259;509;271;238;364;214;150;
1808042;"Leżajsk (2)";19169;9556;9613;1276;682;594;1620;842;778;1787;958;829;1704;877;827;1482;740;742;
1808053;"Nowa Sarzyna (3)";21535;10667;10868;1516;805;711;1667;848;819;1968;965;1003;1949;996;953;1642;863;779;
1808054;"Nowa Sarzyna - miasto (4)";6700;3243;3457;361;200;161;432;196;236;652;316;336;743;368;375;578;318;260;
1808055;"Nowa Sarzyna - obszar wiejski (5)";14835;7424;7411;1155;605;550;1235;652;583;1316;649;667;1206;628;578;1064;545;519;
1809000;"Powiat lubaczowski";57670;28724;28946;3439;1768;1671;4426;2256;2170;5357;2744;2613;5138;2552;2586;4097;2178;1919;
1809011;"Lubaczów (1)";12371;5940;6431;630;325;305;847;433;414;1289;608;681;1396;714;682;885;472;413;
1809023;"Cieszanów (3)";7377;3693;3684;476;240;236;560;265;295;687;359;328;629;307;322;545;300;245;
1809024;"Cieszanów - miasto (4)";1880;927;953;128;66;62;143;70;73;191;99;92;193;96;97;133;79;54;
1809025;"Cieszanów - obszar wiejski (5)";5497;2766;2731;348;174;174;417;195;222;496;260;236;436;211;225;412;221;191;
1809032;"Horyniec-Zdrój (2)";4945;2470;2475;300;152;148;389;200;189;442;236;206;374;180;194;371;208;163;
1809042;"Lubaczów (2)";9121;4578;4543;596;309;287;803;439;364;861;448;413;773;385;388;651;313;338;
1809053;"Narol (3)";8525;4408;4117;490;264;226;594;308;286;701;367;334;592;295;297;567;300;267;
1809054;"Narol - miasto (4)";2091;1045;1046;109;57;52;163;87;76;208;110;98;182;89;93;137;74;63;
1809055;"Narol - obszar wiejski (5)";6434;3363;3071;381;207;174;431;221;210;493;257;236;410;206;204;430;226;204;
1809063;"Oleszyce (3)";6676;3309;3367;396;217;179;533;257;276;654;354;300;667;318;349;459;254;205;
1809064;"Oleszyce - miasto (4)";3246;1576;1670;173;94;79;256;121;135;335;187;148;365;160;205;187;106;81;
1809065;"Oleszyce - obszar wiejski (5)";3430;1733;1697;223;123;100;277;136;141;319;167;152;302;158;144;272;148;124;
1809072;"Stary Dzików (2)";4691;2362;2329;298;133;165;376;197;179;394;207;187;370;178;192;345;196;149;
1809082;"Wielkie Oczy (2)";3964;1964;2000;253;128;125;324;157;167;329;165;164;337;175;162;274;135;139;
1810000;"Powiat łańcucki";76944;37288;39656;4822;2502;2320;5799;2923;2876;6454;3274;3180;6871;3489;3382;5980;3029;2951;
1810011;"Łańcut (1)";17895;8485;9410;934;509;425;1162;576;586;1408;711;697;1669;838;831;1419;713;706;
1810022;"Białobrzegi (2)";7859;3871;3988;538;273;265;630;305;325;670;350;320;635;331;304;603;332;271;
1810032;"Czarna (2)";10688;5148;5540;701;359;342;865;421;444;962;484;478;937;482;455;831;392;439;
1810042;"Łańcut (2)";19915;9719;10196;1266;649;617;1497;778;719;1682;845;837;1715;886;829;1549;772;777;
1810052;"Markowa (2)";6684;3266;3418;431;216;215;560;294;266;572;296;276;555;282;273;422;221;201;
1810062;"Rakszawa (2)";7252;3534;3718;511;254;257;604;304;300;608;319;289;736;346;390;567;301;266;
1810072;"Żołynia (2)";6651;3265;3386;441;242;199;481;245;236;552;269;283;624;324;300;589;298;291;
1811000;"Powiat mielecki";132732;65500;67232;7914;4043;3871;9957;5057;4900;11871;5969;5902;12261;6314;5947;10444;5323;5121;
1811011;"Mielec (1)";61859;30066;31793;3002;1568;1434;4069;2088;1981;5683;2854;2829;6186;3187;2999;4890;2495;2395;
1811022;"Borowa (2)";5668;2828;2840;396;202;194;478;256;222;490;247;243;494;267;227;430;215;215;
1811032;"Czermin (2)";6633;3339;3294;486;243;243;575;303;272;581;289;292;545;285;260;551;276;275;
1811042;"Gawłuszowice (2)";2859;1409;1450;192;82;110;221;103;118;248;124;124;245;130;115;250;127;123;
1811052;"Mielec (2)";11777;5839;5938;788;406;382;980;468;512;955;498;457;933;439;494;888;469;419;
1811062;"Padew Narodowa (2)";5419;2733;2686;337;171;166;378;193;185;447;229;218;481;253;228;441;215;226;
1811072;"Przecław (2)";10700;5314;5386;736;365;371;903;445;458;934;492;442;955;482;473;855;429;426;
1811083;"Radomyśl Wielki (3)";13479;6719;6760;1006;492;514;1178;596;582;1269;623;646;1182;621;561;1026;510;516;
1811084;"Radomyśl Wielki - miasto (4)";2730;1335;1395;187;85;102;263;139;124;314;148;166;231;136;95;194;98;96;
1811085;"Radomyśl Wielki - obszar wiejski (5)";10749;5384;5365;819;407;412;915;457;458;955;475;480;951;485;466;832;412;420;
1811092;"Tuszów Narodowy (2)";7333;3685;3648;455;231;224;561;289;272;679;320;359;649;356;293;552;287;265;
1811102;"Wadowice Górne (2)";7005;3568;3437;516;283;233;614;316;298;585;293;292;591;294;297;561;300;261;
1812000;"Powiat niżański";66998;33348;33650;4097;2067;2030;5385;2762;2623;6221;3185;3036;6040;3149;2891;4695;2477;2218;
1812012;"Harasiuki (2)";6388;3187;3201;395;202;193;555;294;261;565;279;286;517;266;251;435;235;200;
1812022;"Jarocin (2)";5444;2727;2717;342;171;171;415;214;201;431;198;233;477;241;236;445;238;207;
1812032;"Jeżowe (2)";9722;4940;4782;756;371;385;887;442;445;876;451;425;792;435;357;801;414;387;
1812042;"Krzeszów (2)";4335;2157;2178;234;112;122;329;184;145;393;213;180;347;182;165;258;142;116;
1812053;"Nisko (3)";22272;11047;11225;1342;681;661;1801;933;868;2340;1234;1106;2203;1155;1048;1360;713;647;
1812054;"Nisko - miasto (4)";15553;7700;7853;909;462;447;1216;634;582;1764;928;836;1629;873;756;872;454;418;
1812055;"Nisko - obszar wiejski (5)";6719;3347;3372;433;219;214;585;299;286;576;306;270;574;282;292;488;259;229;
1812063;"Rudnik nad Sanem (3)";10061;4934;5127;510;270;240;722;365;357;933;455;478;879;456;423;721;380;341;
1812064;"Rudnik nad Sanem - miasto (4)";6666;3210;3456;321;156;165;471;232;239;601;293;308;599;317;282;467;240;227;
1812065;"Rudnik nad Sanem - obszar wiejski (5)";3395;1724;1671;189;114;75;251;133;118;332;162;170;280;139;141;254;140;114;
1812073;"Ulanów (3)";8776;4356;4420;518;260;258;676;330;346;683;355;328;825;414;411;675;355;320;
1812074;"Ulanów - miasto (4)";1491;712;779;68;34;34;105;55;50;103;59;44;148;64;84;134;67;67;
1812075;"Ulanów - obszar wiejski (5)";7285;3644;3641;450;226;224;571;275;296;580;296;284;677;350;327;541;288;253;
1813000;"Powiat przemyski";71180;35584;35596;4826;2497;2329;5764;2979;2785;6421;3250;3171;6454;3447;3007;5303;2705;2598;
1813012;"Bircza (2)";6774;3478;3296;462;227;235;580;294;286;635;311;324;570;333;237;451;240;211;
1813022;"Dubiecko (2)";9689;4821;4868;655;355;300;750;379;371;774;394;380;820;433;387;703;359;344;
1813032;"Fredropol (2)";5482;2733;2749;381;188;193;452;240;212;517;277;240;482;244;238;403;211;192;
1813042;"Krasiczyn (2)";4540;2297;2243;298;160;138;334;156;178;419;227;192;463;263;200;373;191;182;
1813052;"Krzywcza (2)";5038;2544;2494;351;183;168;436;222;214;495;236;259;445;241;204;380;190;190;
1813062;"Medyka (2)";6107;3018;3089;405;194;211;443;227;216;583;305;278;615;311;304;489;241;248;
1813072;"Orły (2)";8360;4195;4165;593;302;291;685;367;318;762;380;382;808;429;379;677;344;333;
1813082;"Przemyśl (2)";8975;4448;4527;603;318;285;746;408;338;802;389;413;792;421;371;650;333;317;
1813092;"Stubno (2)";4110;2073;2037;288;144;144;326;166;160;347;185;162;378;206;172;307;164;143;
1813102;"Żurawica (2)";12105;5977;6128;790;426;364;1012;520;492;1087;546;541;1081;566;515;870;432;438;
1814000;"Powiat przeworski";78983;38683;40300;4895;2489;2406;6057;3104;2953;6872;3572;3300;6960;3534;3426;5956;3085;2871;
1814011;"Przeworsk (1)";15884;7598;8286;813;415;398;1060;546;514;1362;718;644;1528;778;750;1291;648;643;
1814022;"Adamówka (2)";4186;2113;2073;307;165;142;371;190;181;381;188;193;373;192;181;302;145;157;
1814032;"Gać (2)";4588;2255;2333;278;139;139;344;192;152;397;197;200;385;202;183;337;179;158;
1814042;"Jawornik Polski (2)";4941;2404;2537;305;145;160;360;171;189;411;217;194;395;199;196;347;191;156;
1814053;"Kańczuga (3)";12897;6294;6603;759;371;388;978;479;499;1109;594;515;1104;558;546;940;484;456;
1814054;"Kańczuga - miasto (4)";3265;1572;1693;156;79;77;271;128;143;389;190;199;373;179;194;256;136;120;
1814055;"Kańczuga - obszar wiejski (5)";9632;4722;4910;603;292;311;707;351;356;720;404;316;731;379;352;684;348;336;
1814062;"Przeworsk (2)";14326;7004;7322;884;444;440;1108;550;558;1165;589;576;1225;627;598;1084;577;507;
1814073;"Sieniawa (3)";6852;3414;3438;487;261;226;583;310;273;677;362;315;641;316;325;459;238;221;
1814074;"Sieniawa - miasto (4)";2162;1051;1111;151;78;73;208;107;101;239;123;116;195;90;105;122;62;60;
1814075;"Sieniawa - obszar wiejski (5)";4690;2363;2327;336;183;153;375;203;172;438;239;199;446;226;220;337;176;161;
1814082;"Tryńcza (2)";8101;4072;4029;576;316;260;693;362;331;689;355;334;634;325;309;622;333;289;
1814092;"Zarzecze (2)";7208;3529;3679;486;233;253;560;304;256;681;352;329;675;337;338;574;290;284;
1815000;"Powiat ropczycko-sędziszowski";70508;34961;35547;4677;2395;2282;5726;2884;2842;6350;3280;3070;6452;3326;3126;5858;2976;2882;
1815012;"Iwierzyce (2)";7268;3632;3636;453;255;198;618;293;325;657;326;331;623;344;279;554;288;266;
1815022;"Ostrów (2)";6826;3401;3425;474;238;236;623;299;324;585;276;309;636;358;278;558;298;260;
1815033;"Ropczyce (3)";25567;12748;12819;1624;855;769;2057;1058;999;2349;1228;1121;2523;1317;1206;2178;1107;1071;
1815034;"Ropczyce - miasto (4)";14848;7360;7488;857;448;409;1094;554;540;1470;769;701;1598;851;747;1290;648;642;
1815035;"Ropczyce - obszar wiejski (5)";10719;5388;5331;767;407;360;963;504;459;879;459;420;925;466;459;888;459;429;
1815043;"Sędziszów Małopolski (3)";22377;10955;11422;1519;745;774;1782;907;875;1984;1037;947;1955;967;988;1857;923;934;
1815044;"Sędziszów Małopolski - miasto (4)";7183;3472;3711;436;208;228;490;262;228;544;272;272;645;323;322;689;357;332;
1815045;"Sędziszów Małopolski - obszar wiejski (5)";15194;7483;7711;1083;537;546;1292;645;647;1440;765;675;1310;644;666;1168;566;602;
1815052;"Wielopole Skrzyńskie (2)";8470;4225;4245;607;302;305;646;327;319;775;413;362;715;340;375;711;360;351;
1816000;"Powiat rzeszowski";168105;82569;85536;10649;5443;5206;13034;6555;6479;14565;7634;6931;14429;7283;7146;12853;6540;6313;
1816011;"Dynów (1)";6042;2939;3103;354;182;172;435;214;221;577;309;268;604;289;315;411;219;192;
1816023;"Błażowa (3)";10730;5244;5486;674;351;323;836;414;422;812;418;394;842;402;440;735;384;351;
1816024;"Błażowa - miasto (4)";2118;1031;1087;115;55;60;156;82;74;174;96;78;256;117;139;157;79;78;
1816025;"Błażowa - obszar wiejski (5)";8612;4213;4399;559;296;263;680;332;348;638;322;316;586;285;301;578;305;273;
1816032;"Boguchwała (2)";20265;9901;10364;1193;596;597;1419;739;680;1741;903;838;1746;855;891;1558;795;763;
1816042;"Chmielnik (2)";6248;3111;3137;421;209;212;508;258;250;493;262;231;513;288;225;457;248;209;
1816052;"Dynów (2)";7326;3647;3679;487;268;219;583;295;288;597;324;273;571;290;281;550;304;246;
1816063;"Głogów Małopolski (3)";17194;8461;8733;1106;566;540;1415;692;723;1599;830;769;1494;747;747;1308;662;646;
1816064;"Głogów Małopolski - miasto (4)";4677;2297;2380;291;143;148;395;207;188;459;239;220;428;208;220;375;194;181;
1816065;"Głogów Małopolski - obszar wiejski (5)";12517;6164;6353;815;423;392;1020;485;535;1140;591;549;1066;539;527;933;468;465;
1816072;"Hyżne (2)";6733;3310;3423;454;225;229;537;266;271;550;279;271;562;285;277;546;260;286;
1816082;"Kamień (2)";6756;3398;3358;501;255;246;575;293;282;679;352;327;552;286;266;514;264;250;
1816092;"Krasne (2)";13220;6445;6775;780;406;374;1027;510;517;1095;577;518;1124;570;554;1095;538;557;
1816102;"Lubenia (2)";6506;3204;3302;373;174;199;448;241;207;470;240;230;533;284;249;502;254;248;
1816113;"Sokołów Małopolski (3)";16320;8044;8276;1167;577;590;1353;652;701;1545;784;761;1464;771;693;1307;666;641;
1816114;"Sokołów Małopolski - miasto (4)";4013;1924;2089;245;122;123;318;164;154;375;180;195;431;211;220;356;174;182;
1816115;"Sokołów Małopolski - obszar wiejski (5)";12307;6120;6187;922;455;467;1035;488;547;1170;604;566;1033;560;473;951;492;459;
1816122;"Świlcza (2)";18206;8961;9245;1088;551;537;1333;661;672;1563;835;728;1621;832;789;1388;694;694;
1816132;"Trzebownisko (2)";17844;8705;9139;1118;589;529;1437;720;717;1607;860;747;1580;791;789;1346;679;667;
1816143;"Tyczyn (3)";14715;7199;7516;933;494;439;1128;600;528;1237;661;576;1223;593;630;1136;573;563;
1816144;"Tyczyn - miasto (4)";3107;1501;1606;166;77;89;203;109;94;263;138;125;287;136;151;241;120;121;
1816145;"Tyczyn - obszar wiejski (5)";11608;5698;5910;767;417;350;925;491;434;974;523;451;936;457;479;895;453;442;
1817000;"Powiat sanocki";94500;46294;48206;5442;2763;2679;6585;3357;3228;8187;4173;4014;8832;4580;4252;7191;3682;3509;
1817011;"Sanok (1)";40344;19356;20988;2009;1030;979;2439;1274;1165;3421;1738;1683;4090;2142;1948;3034;1547;1487;
1817022;"Besko (2)";4204;2048;2156;285;128;157;307;154;153;383;179;204;420;220;200;345;177;168;
1817032;"Bukowsko (2)";5138;2590;2548;331;171;160;454;228;226;504;257;247;450;242;208;367;175;192;
1817042;"Komańcza (2)";5060;2581;2479;298;148;150;361;185;176;446;236;210;465;242;223;418;212;206;
1817052;"Sanok (2)";16188;8118;8070;1066;532;534;1240;643;597;1361;700;661;1336;663;673;1282;665;617;
1817062;"Tyrawa Wołoska (2)";1945;1005;940;154;77;77;167;83;84;181;102;79;178;91;87;145;81;64;
1817073;"Zagórz (3)";12438;6137;6301;745;386;359;900;446;454;1127;578;549;1119;583;536;990;509;481;
1817074;"Zagórz - miasto (4)";4879;2381;2498;253;130;123;309;151;158;434;231;203;466;252;214;374;195;179;
1817075;"Zagórz - obszar wiejski (5)";7559;3756;3803;492;256;236;591;295;296;693;347;346;653;331;322;616;314;302;
1817082;"Zarszyn (2)";9183;4459;4724;554;291;263;717;344;373;764;383;381;774;397;377;610;316;294;
1818000;"Powiat stalowowolski";110953;54307;56646;6000;3046;2954;7466;3865;3601;9168;4698;4470;10374;5380;4994;8980;4578;4402;
1818011;"Stalowa Wola (1)";68243;33073;35170;3371;1701;1670;4075;2124;1951;5590;2860;2730;6909;3596;3313;5901;2987;2914;
1818022;"Bojanów (2)";7047;3593;3454;527;280;247;642;338;304;644;328;316;614;315;299;547;283;264;
1818032;"Pysznica (2)";8950;4471;4479;522;256;266;694;372;322;724;377;347;703;369;334;636;319;317;
1818042;"Radomyśl nad Sanem (2)";7553;3686;3867;480;247;233;616;299;317;589;293;296;607;308;299;505;249;256;
1818052;"Zaklików (2)";8772;4284;4488;472;225;247;709;375;334;749;383;366;709;365;344;607;315;292;
1818062;"Zaleszany (2)";10388;5200;5188;628;337;291;730;357;373;872;457;415;832;427;405;784;425;359;
1819000;"Powiat strzyżowski";61803;30433;31370;3867;2016;1851;4678;2355;2323;5262;2652;2610;5262;2690;2572;4853;2477;2376;
1819012;"Czudec (2)";11428;5674;5754;724;367;357;911;471;440;934;459;475;946;494;452;857;447;410;
1819022;"Frysztak (2)";10621;5299;5322;742;360;382;825;414;411;1042;555;487;938;487;451;790;416;374;
1819032;"Niebylec (2)";10685;5191;5494;704;367;337;849;402;447;884;423;461;827;433;394;843;404;439;
1819043;"Strzyżów (3)";20549;10072;10477;1122;628;494;1450;748;702;1686;867;819;1831;920;911;1703;875;828;
1819044;"Strzyżów - miasto (4)";8595;4116;4479;433;248;185;540;272;268;658;342;316;832;426;406;824;393;431;
1819045;"Strzyżów - obszar wiejski (5)";11954;5956;5998;689;380;309;910;476;434;1028;525;503;999;494;505;879;482;397;
1819052;"Wiśniowa (2)";8520;4197;4323;575;294;281;643;320;323;716;348;368;720;356;364;660;335;325;
1820000;"Powiat tarnobrzeski";54010;26611;27399;3226;1654;1572;3880;1950;1930;4742;2462;2280;5019;2507;2512;4116;2127;1989;
1820013;"Baranów Sandomierski (3)";12100;6039;6061;789;403;386;930;461;469;1060;550;510;989;514;475;863;447;416;
1820014;"Baranów Sandomierski - miasto (4)";1435;719;716;75;46;29;92;45;47;115;59;56;104;53;51;104;57;47;
1820015;"Baranów Sandomierski - obszar wiejski (5)";10665;5320;5345;714;357;357;838;416;422;945;491;454;885;461;424;759;390;369;
1820022;"Gorzyce (2)";13783;6778;7005;795;395;400;1002;495;507;1276;658;618;1484;752;732;1203;642;561;
1820032;"Grębów (2)";9606;4761;4845;632;326;306;705;361;344;817;457;360;801;379;422;707;366;341;
1820043;"Nowa Dęba (3)";18521;9033;9488;1010;530;480;1243;633;610;1589;797;792;1745;862;883;1343;672;671;
1820044;"Nowa Dęba - miasto (4)";11497;5550;5947;543;287;256;749;387;362;1030;521;509;1175;580;595;816;414;402;
1820045;"Nowa Dęba - obszar wiejski (5)";7024;3483;3541;467;243;224;494;246;248;559;276;283;570;282;288;527;258;269;
1861000;"Powiat m.Krosno";48531;23222;25309;2315;1183;1132;2744;1358;1386;3883;1988;1895;4737;2488;2249;3695;1984;1711;
1861011;"Krosno (1)";48531;23222;25309;2315;1183;1132;2744;1358;1386;3883;1988;1895;4737;2488;2249;3695;1984;1711;
1862000;"Powiat m.Przemyśl";68220;32095;36125;3327;1728;1599;4177;2134;2043;5345;2745;2600;6265;3136;3129;5286;2702;2584;
1862011;"Przemyśl (1)";68220;32095;36125;3327;1728;1599;4177;2134;2043;5345;2745;2600;6265;3136;3129;5286;2702;2584;
1863000;"Powiat m.Rzeszów";160779;75980;84799;7217;3725;3492;8718;4450;4268;11680;6062;5618;16523;8114;8409;17858;8648;9210;
1863011;"Rzeszów (1)";160779;75980;84799;7217;3725;3492;8718;4450;4268;11680;6062;5618;16523;8114;8409;17858;8648;9210;
1864000;"Powiat m.Tarnobrzeg";50310;24323;25987;2527;1285;1242;3207;1646;1561;4025;2049;1976;4456;2278;2178;3758;1915;1843;
1864011;"Tarnobrzeg (1)";50310;24323;25987;2527;1285;1242;3207;1646;1561;4025;2049;1976;4456;2278;2178;3758;1915;1843;
2000000;"PODLASKIE";1210688;592671;618017;65054;33370;31684;83042;42608;40434;98933;50757;48176;107988;55613;52375;91657;47218;44439;
2001000;"Powiat augustowski";59308;29176;30132;3437;1768;1669;4418;2243;2175;5068;2591;2477;5042;2597;2445;4192;2171;2021;
2001011;"Augustów (1)";29714;14081;15633;1555;782;773;2125;1045;1080;2511;1274;1237;2662;1349;1313;2165;1096;1069;
2001022;"Augustów (2)";6793;3508;3285;472;235;237;566;305;261;601;312;289;591;310;281;442;227;215;
2001032;"Bargłów Kościelny (2)";5775;2926;2849;384;187;197;411;208;203;486;253;233;530;264;266;417;220;197;
2001043;"Lipsk (3)";5970;2947;3023;345;181;164;485;238;247;518;257;261;474;251;223;371;194;177;
2001044;"Lipsk - miasto (4)";2582;1238;1344;131;68;63;260;134;126;296;140;156;283;148;135;139;69;70;
2001045;"Lipsk - obszar wiejski (5)";3388;1709;1679;214;113;101;225;104;121;222;117;105;191;103;88;232;125;107;
2001052;"Nowinka (2)";2845;1470;1375;187;93;94;230;123;107;236;122;114;227;125;102;208;123;85;
2001062;"Płaska (2)";2593;1344;1249;149;81;68;167;90;77;221;117;104;182;108;74;216;111;105;
2001072;"Sztabin (2)";5618;2900;2718;345;209;136;434;234;200;495;256;239;376;190;186;373;200;173;
2002000;"Powiat białostocki";139645;69069;70576;7573;3919;3654;9903;5066;4837;11228;5826;5402;12063;6241;5822;10140;5280;4860;
2002013;"Choroszcz (3)";12755;6378;6377;692;373;319;850;442;408;966;468;498;1077;563;514;1006;540;466;
2002014;"Choroszcz - miasto (4)";5679;2844;2835;309;166;143;339;184;155;383;191;192;473;258;215;480;243;237;
2002015;"Choroszcz - obszar wiejski (5)";7076;3534;3542;383;207;176;511;258;253;583;277;306;604;305;299;526;297;229;
2002023;"Czarna Białostocka (3)";11884;5750;6134;640;326;314;834;400;434;992;527;465;1060;541;519;973;515;458;
2002024;"Czarna Białostocka - miasto (4)";9815;4725;5090;534;276;258;695;330;365;837;443;394;905;465;440;841;432;409;
2002025;"Czarna Białostocka - obszar wiejski (5)";2069;1025;1044;106;50;56;139;70;69;155;84;71;155;76;79;132;83;49;
2002032;"Dobrzyniewo Duże (2)";8785;4405;4380;540;273;267;609;305;304;667;367;300;735;386;349;725;377;348;
2002042;"Gródek (2)";6176;3005;3171;226;108;118;319;158;161;420;197;223;500;254;246;425;247;178;
2002052;"Juchnowiec Kościelny (2)";12415;6156;6259;783;423;360;964;516;448;1067;563;504;1006;515;491;851;417;434;
2002063;"Łapy (3)";23510;11528;11982;1209;637;572;1625;820;805;1978;1029;949;2320;1217;1103;1827;933;894;
2002064;"Łapy - miasto (4)";16854;8226;8628;823;435;388;1140;574;566;1481;768;713;1839;974;865;1378;720;658;
2002065;"Łapy - obszar wiejski (5)";6656;3302;3354;386;202;184;485;246;239;497;261;236;481;243;238;449;213;236;
2002072;"Michałowo (2)";7693;3771;3922;299;148;151;454;227;227;540;286;254;598;315;283;451;237;214;
2002082;"Poświętne (2)";3835;1980;1855;233;113;120;287;164;123;308;156;152;303;159;144;244;138;106;
2002093;"Supraśl (3)";11976;5866;6110;631;312;319;954;497;457;1000;541;459;1110;555;555;859;448;411;
2002094;"Supraśl - miasto (4)";4572;2216;2356;195;86;109;338;182;156;368;205;163;524;263;261;335;170;165;
2002095;"Supraśl - obszar wiejski (5)";7404;3650;3754;436;226;210;616;315;301;632;336;296;586;292;294;524;278;246;
2002103;"Suraż (3)";2116;1063;1053;126;60;66;136;65;71;153;73;80;144;80;64;138;80;58;
2002104;"Suraż - miasto (4)";984;497;487;64;31;33;73;33;40;81;44;37;83;48;35;69;41;28;
2002105;"Suraż - obszar wiejski (5)";1132;566;566;62;29;33;63;32;31;72;29;43;61;32;29;69;39;30;
2002112;"Turośń Kościelna (2)";5074;2526;2548;350;181;169;364;197;167;408;204;204;409;182;227;325;173;152;
2002123;"Tykocin (3)";6668;3313;3355;346;186;160;494;236;258;560;296;264;537;275;262;466;243;223;
2002124;"Tykocin - miasto (4)";1981;958;1023;90;43;47;144;76;68;192;111;81;166;86;80;145;73;72;
2002125;"Tykocin - obszar wiejski (5)";4687;2355;2332;256;143;113;350;160;190;368;185;183;371;189;182;321;170;151;
2002133;"Wasilków (3)";11991;5832;6159;687;345;342;881;448;433;964;492;472;1096;581;515;891;437;454;
2002134;"Wasilków - miasto (4)";8477;4116;4361;497;264;233;618;313;305;687;345;342;802;431;371;639;311;328;
2002135;"Wasilków - obszar wiejski (5)";3514;1716;1798;190;81;109;263;135;128;277;147;130;294;150;144;252;126;126;
2002143;"Zabłudów (3)";11631;5839;5792;611;328;283;872;442;430;978;514;464;939;490;449;756;385;371;
2002144;"Zabłudów - miasto (4)";2415;1192;1223;142;85;57;232;111;121;233;142;91;210;100;110;159;78;81;
2002145;"Zabłudów - obszar wiejski (5)";9216;4647;4569;469;243;226;640;331;309;745;372;373;729;390;339;597;307;290;
2002152;"Zawady (2)";3136;1657;1479;200;106;94;260;149;111;227;113;114;229;128;101;203;110;93;
2003000;"Powiat bielski";62320;30836;31484;2949;1497;1452;3954;2036;1918;4919;2472;2447;5352;2861;2491;3809;2010;1799;
2003011;"Bielsk Podlaski (1)";27210;13154;14056;1216;605;611;1834;959;875;2556;1271;1285;2839;1506;1333;1836;944;892;
2003021;"Brańsk (1)";3819;1873;1946;233;118;115;298;152;146;395;214;181;311;160;151;251;126;125;
2003032;"Bielsk Podlaski (2)";7877;3932;3945;304;162;142;331;156;175;373;170;203;402;237;165;374;201;173;
2003042;"Boćki (2)";5190;2665;2525;266;146;120;318;155;163;341;172;169;310;183;127;322;175;147;
2003052;"Brańsk (2)";6776;3495;3281;408;207;201;507;262;245;507;267;240;445;236;209;392;216;176;
2003062;"Orla (2)";3719;1788;1931;112;48;64;146;75;71;145;73;72;182;102;80;188;99;89;
2003072;"Rudka (2)";2453;1235;1218;132;70;62;157;83;74;188;94;94;474;237;237;132;75;57;
2003082;"Wyszki (2)";5276;2694;2582;278;141;137;363;194;169;414;211;203;389;200;189;314;174;140;
2004000;"Powiat grajewski";50964;25259;25705;3171;1623;1548;3778;1964;1814;4569;2286;2283;4783;2429;2354;3868;2000;1868;
2004011;"Grajewo (1)";22847;11016;11831;1300;663;637;1629;863;766;2141;1055;1086;2395;1207;1188;1873;930;943;
2004022;"Grajewo (2)";6192;3144;3048;450;246;204;494;242;252;534;273;261;629;295;334;447;237;210;
2004032;"Radziłów (2)";5350;2689;2661;354;164;190;399;196;203;443;234;209;346;197;149;381;201;180;
2004043;"Rajgród (3)";5692;2874;2818;381;196;185;428;225;203;490;237;253;475;253;222;387;205;182;
2004044;"Rajgród - miasto (4)";1703;841;862;82;47;35;96;53;43;150;69;81;127;63;64;115;62;53;
2004045;"Rajgród - obszar wiejski (5)";3989;2033;1956;299;149;150;332;172;160;340;168;172;348;190;158;272;143;129;
2004053;"Szczuczyn (3)";6798;3435;3363;406;211;195;520;286;234;633;319;314;642;312;330;475;257;218;
2004054;"Szczuczyn - miasto (4)";3612;1803;1809;198;106;92;272;144;128;325;160;165;327;158;169;257;141;116;
2004055;"Szczuczyn - obszar wiejski (5)";3186;1632;1554;208;105;103;248;142;106;308;159;149;315;154;161;218;116;102;
2004062;"Wąsosz (2)";4085;2101;1984;280;143;137;308;152;156;328;168;160;296;165;131;305;170;135;
2005000;"Powiat hajnowski";50910;24802;26108;2037;1017;1020;2756;1369;1387;3507;1737;1770;4183;2327;1856;3014;1629;1385;
2005011;"Hajnówka (1)";22749;10798;11951;964;461;503;1353;673;680;1811;880;931;2197;1181;1016;1481;764;717;
2005022;"Białowieża (2)";2697;1376;1321;108;50;58;125;60;65;174;89;85;359;255;104;150;86;64;
2005032;"Czeremcha (2)";3868;1899;1969;163;88;75;241;119;122;267;122;145;294;164;130;232;123;109;
2005042;"Czyże (2)";2839;1400;1439;91;41;50;94;42;52;130;69;61;140;76;64;134;74;60;
2005052;"Dubicze Cerkiewne (2)";2125;1066;1059;72;35;37;81;38;43;95;52;43;95;47;48;104;69;35;
2005062;"Hajnówka (2)";4550;2264;2286;195;101;94;272;132;140;268;141;127;288;166;122;248;130;118;
2005073;"Kleszczele (3)";3153;1546;1607;114;60;54;164;81;83;184;96;88;199;108;91;153;76;77;
2005074;"Kleszczele - miasto (4)";1552;740;812;82;43;39;106;52;54;127;60;67;111;57;54;90;46;44;
2005075;"Kleszczele - obszar wiejski (5)";1601;806;795;32;17;15;58;29;29;57;36;21;88;51;37;63;30;33;
2005082;"Narew (2)";4621;2263;2358;181;95;86;199;92;107;267;129;138;325;178;147;273;155;118;
2005092;"Narewka (2)";4308;2190;2118;149;86;63;227;132;95;311;159;152;286;152;134;239;152;87;
2006000;"Powiat kolneński";40479;20412;20067;2728;1356;1372;3329;1644;1685;3616;1825;1791;3547;1894;1653;3080;1646;1434;
2006011;"Kolno (1)";10938;5358;5580;612;304;308;863;430;433;1168;583;585;1104;579;525;835;447;388;
2006022;"Grabowo (2)";3731;1908;1823;271;132;139;322;145;177;352;179;173;277;155;122;274;147;127;
2006032;"Kolno (2)";8939;4515;4424;670;333;337;785;394;391;700;341;359;769;398;371;674;360;314;
2006042;"Mały Płock (2)";5135;2585;2550;320;153;167;409;199;210;436;223;213;438;224;214;355;179;176;
2006053;"Stawiski (3)";6772;3438;3334;476;250;226;530;254;276;536;272;264;533;303;230;555;291;264;
2006054;"Stawiski - miasto (4)";2540;1271;1269;171;94;77;183;90;93;198;103;95;235;141;94;202;93;109;
2006055;"Stawiski - obszar wiejski (5)";4232;2167;2065;305;156;149;347;164;183;338;169;169;298;162;136;353;198;155;
2006062;"Turośl (2)";4964;2608;2356;379;184;195;420;222;198;424;227;197;426;235;191;387;222;165;
2007000;"Powiat łomżyński";50977;25706;25271;3326;1710;1616;4101;2091;2010;4399;2237;2162;4223;2234;1989;3544;1884;1660;
2007013;"Jedwabne (3)";5799;2951;2848;345;180;165;449;225;224;498;248;250;471;246;225;407;219;188;
2007014;"Jedwabne - miasto (4)";1959;957;1002;109;48;61;143;70;73;186;88;98;182;95;87;139;69;70;
2007015;"Jedwabne - obszar wiejski (5)";3840;1994;1846;236;132;104;306;155;151;312;160;152;289;151;138;268;150;118;
2007022;"Łomża (2)";9282;4610;4672;649;339;310;747;366;381;788;404;384;755;400;355;683;345;338;
2007032;"Miastkowo (2)";4275;2193;2082;302;150;152;373;185;188;384;196;188;390;212;178;327;185;142;
2007043;"Nowogród (3)";3928;1935;1993;268;131;137;312;176;136;320;151;169;315;158;157;292;148;144;
2007044;"Nowogród - miasto (4)";1924;924;1000;141;67;74;149;85;64;162;74;88;169;81;88;161;78;83;
2007045;"Nowogród - obszar wiejski (5)";2004;1011;993;127;64;63;163;91;72;158;77;81;146;77;69;131;70;61;
2007052;"Piątnica (2)";10598;5366;5232;691;352;339;877;455;422;880;461;419;1014;542;472;739;389;350;
2007062;"Przytuły (2)";2325;1154;1171;132;66;66;202;91;111;208;101;107;166;83;83;149;78;71;
2007072;"Śniadowo (2)";5820;2977;2843;371;197;174;421;222;199;511;272;239;424;233;191;374;209;165;
2007082;"Wizna (2)";4543;2283;2260;277;143;134;352;186;166;414;207;207;357;189;168;285;152;133;
2007092;"Zbójna (2)";4407;2237;2170;291;152;139;368;185;183;396;197;199;331;171;160;288;159;129;
2008000;"Powiat moniecki";44499;22367;22132;2565;1359;1206;3412;1761;1651;3919;2008;1911;3651;1896;1755;3055;1663;1392;
2008013;"Goniądz (3)";5371;2642;2729;299;148;151;410;203;207;501;268;233;474;222;252;317;175;142;
2008014;"Goniądz - miasto (4)";1913;878;1035;97;46;51;140;71;69;178;94;84;196;68;128;109;63;46;
2008015;"Goniądz - obszar wiejski (5)";3458;1764;1694;202;102;100;270;132;138;323;174;149;278;154;124;208;112;96;
2008022;"Jasionówka (2)";3095;1588;1507;190;95;95;234;116;118;239;118;121;233;126;107;189;116;73;
2008032;"Jaświły (2)";5725;2971;2754;360;188;172;462;254;208;513;246;267;304;180;124;315;176;139;
2008043;"Knyszyn (3)";5095;2516;2579;302;158;144;331;172;159;483;248;235;464;230;234;419;221;198;
2008044;"Knyszyn - miasto (4)";2902;1408;1494;161;90;71;184;106;78;283;147;136;282;128;154;251;127;124;
2008045;"Knyszyn - obszar wiejski (5)";2193;1108;1085;141;68;73;147;66;81;200;101;99;182;102;80;168;94;74;
2008052;"Krypno (2)";4358;2201;2157;280;157;123;343;172;171;375;202;173;327;179;148;277;141;136;
2008063;"Mońki (3)";16008;7926;8082;872;465;407;1222;616;606;1399;719;680;1517;772;745;1208;650;558;
2008064;"Mońki - miasto (4)";10728;5176;5552;553;292;261;780;373;407;998;517;481;1104;544;560;811;428;383;
2008065;"Mońki - obszar wiejski (5)";5280;2750;2530;319;173;146;442;243;199;401;202;199;413;228;185;397;222;175;
2008072;"Trzcianne (2)";4847;2523;2324;262;148;114;410;228;182;409;207;202;332;187;145;330;184;146;
2009000;"Powiat sejneński";21736;10901;10835;1277;667;610;1552;784;768;1726;890;836;1883;976;907;1484;794;690;
2009011;"Sejny (1)";6028;2888;3140;359;203;156;414;212;202;500;261;239;559;292;267;447;222;225;
2009022;"Giby (2)";3029;1525;1504;178;85;93;198;90;108;247;107;140;227;124;103;180;107;73;
2009032;"Krasnopol (2)";4025;2071;1954;241;129;112;307;167;140;309;163;146;336;174;162;267;158;109;
2009042;"Puńsk (2)";4466;2234;2232;260;126;134;313;154;159;341;177;164;395;189;206;336;168;168;
2009052;"Sejny (2)";4188;2183;2005;239;124;115;320;161;159;329;182;147;366;197;169;254;139;115;
2010000;"Powiat siemiatycki";50865;25055;25810;2880;1447;1433;3606;1858;1748;4060;2046;2014;3817;1987;1830;3107;1604;1503;
2010011;"Siemiatycze (1)";15297;7316;7981;869;442;427;1180;632;548;1531;780;751;1429;737;692;999;475;524;
2010023;"Drohiczyn (3)";7194;3600;3594;451;223;228;497;267;230;541;281;260;617;310;307;417;242;175;
2010024;"Drohiczyn - miasto (4)";2149;1052;1097;117;54;63;142;73;69;177;89;88;188;96;92;151;104;47;
2010025;"Drohiczyn - obszar wiejski (5)";5045;2548;2497;334;169;165;355;194;161;364;192;172;429;214;215;266;138;128;
2010032;"Dziadkowice (2)";3199;1597;1602;193;100;93;256;128;128;280;134;146;228;116;112;224;120;104;
2010042;"Grodzisk (2)";4886;2476;2410;318;187;131;338;159;179;334;168;166;275;152;123;285;149;136;
2010052;"Mielnik (2)";2806;1356;1450;122;56;66;160;80;80;181;81;100;134;64;70;165;86;79;
2010062;"Milejczyce (2)";2395;1131;1264;107;45;62;150;59;91;129;66;63;117;63;54;138;70;68;
2010072;"Nurzec-Stacja (2)";5009;2534;2475;231;112;119;314;171;143;364;192;172;274;155;119;276;140;136;
2010082;"Perlejewo (2)";3329;1654;1675;231;105;126;267;132;135;244;122;122;210;106;104;202;113;89;
2010092;"Siemiatycze (2)";6750;3391;3359;358;177;181;444;230;214;456;222;234;533;284;249;401;209;192;
2011000;"Powiat sokólski";75555;37650;37905;3990;2068;1922;5259;2715;2544;6133;3156;2977;6287;3286;3001;5223;2839;2384;
2011013;"Dąbrowa Białostocka (3)";13242;6605;6637;762;401;361;976;504;472;1150;620;530;1076;548;528;812;447;365;
2011014;"Dąbrowa Białostocka - miasto (4)";6307;3074;3233;358;199;159;450;227;223;600;319;281;565;290;275;429;235;194;
2011015;"Dąbrowa Białostocka - obszar wiejski (5)";6935;3531;3404;404;202;202;526;277;249;550;301;249;511;258;253;383;212;171;
2011022;"Janów (2)";4587;2310;2277;264;140;124;357;197;160;390;214;176;364;208;156;287;138;149;
2011032;"Korycin (2)";3674;1907;1767;228;119;109;240;130;110;276;147;129;272;142;130;257;145;112;
2011042;"Krynki (2)";3695;1824;1871;167;90;77;253;131;122;302;151;151;229;117;112;228;130;98;
2011052;"Kuźnica (2)";4536;2289;2247;251;122;129;271;140;131;336;153;183;342;191;151;336;202;134;
2011062;"Nowy Dwór (2)";3126;1556;1570;156;76;80;185;92;93;236;116;120;259;149;110;196;122;74;
2011072;"Sidra (2)";4143;2065;2078;197;110;87;286;144;142;340;166;174;324;178;146;255;132;123;
2011083;"Sokółka (3)";27213;13362;13851;1369;703;666;1925;972;953;2266;1168;1098;2636;1342;1294;2186;1138;1048;
2011084;"Sokółka - miasto (4)";19298;9368;9930;923;481;442;1325;663;662;1662;854;808;2013;1029;984;1657;868;789;
2011085;"Sokółka - obszar wiejski (5)";7915;3994;3921;446;222;224;600;309;291;604;314;290;623;313;310;529;270;259;
2011093;"Suchowola (3)";7662;3848;3814;444;217;227;554;285;269;582;293;289;529;276;253;458;255;203;
2011094;"Suchowola - miasto (4)";2356;1172;1184;117;63;54;172;91;81;207;113;94;188;97;91;134;81;53;
2011095;"Suchowola - obszar wiejski (5)";5306;2676;2630;327;154;173;382;194;188;375;180;195;341;179;162;324;174;150;
2011102;"Szudziałowo (2)";3677;1884;1793;152;90;62;212;120;92;255;128;127;256;135;121;208;130;78;
2012000;"Powiat suwalski";35425;18140;17285;2373;1222;1151;3001;1528;1473;3317;1741;1576;3025;1631;1394;2371;1309;1062;
2012012;"Bakałarzewo (2)";3131;1619;1512;182;92;90;273;134;139;316;173;143;270;153;117;214;122;92;
2012022;"Filipów (2)";4527;2314;2213;336;164;172;382;201;181;414;222;192;369;224;145;268;145;123;
2012032;"Jeleniewo (2)";2998;1583;1415;214;120;94;259;137;122;274;150;124;262;143;119;209;124;85;
2012042;"Przerośl (2)";3201;1607;1594;239;120;119;280;139;141;299;154;145;265;135;130;237;115;122;
2012052;"Raczki (2)";6089;3112;2977;409;212;197;501;259;242;606;306;300;557;298;259;407;228;179;
2012062;"Rutka-Tartak (2)";2247;1154;1093;162;94;68;185;96;89;186;94;92;195;95;100;164;95;69;
2012072;"Suwałki (2)";6333;3219;3114;406;205;201;510;255;255;554;284;270;517;256;261;421;238;183;
2012082;"Szypliszki (2)";4117;2098;2019;254;137;117;386;186;200;403;212;191;353;187;166;277;142;135;
2012092;"Wiżajny (2)";2782;1434;1348;171;78;93;225;121;104;265;146;119;237;140;97;174;100;74;
2013000;"Powiat wysokomazowiecki";60593;30475;30118;3608;1870;1738;4517;2379;2138;5272;2731;2541;5091;2636;2455;4043;2232;1811;
2013011;"Wysokie Mazowieckie (1)";9186;4395;4791;498;256;242;674;358;316;890;446;444;896;446;450;687;389;298;
2013023;"Ciechanowiec (3)";9536;4809;4727;520;271;249;681;368;313;882;446;436;742;420;322;606;316;290;
2013024;"Ciechanowiec - miasto (4)";4888;2393;2495;253;134;119;366;195;171;533;262;271;423;236;187;324;170;154;
2013025;"Ciechanowiec - obszar wiejski (5)";4648;2416;2232;267;137;130;315;173;142;349;184;165;319;184;135;282;146;136;
2013032;"Czyżew-Osada (2)";6523;3246;3277;423;209;214;475;233;242;540;283;257;562;312;250;423;225;198;
2013042;"Klukowo (2)";4808;2495;2313;299;160;139;369;185;184;371;206;165;352;191;161;293;156;137;
2013052;"Kobylin-Borzymy (2)";3761;1955;1806;246;126;120;275;159;116;311;155;156;264;144;120;238;128;110;
2013062;"Kulesze Kościelne (2)";3458;1767;1691;185;94;91;266;143;123;311;145;166;309;148;161;263;152;111;
2013072;"Nowe Piekuty (2)";4151;2156;1995;264;136;128;320;177;143;319;168;151;328;169;159;311;167;144;
2013082;"Sokoły (2)";6236;3138;3098;357;182;175;440;222;218;526;295;231;638;310;328;395;231;164;
2013092;"Szepietowo (2)";7538;3758;3780;459;248;211;575;312;263;643;331;312;578;287;291;486;276;210;
2013102;"Wysokie Mazowieckie (2)";5396;2756;2640;357;188;169;442;222;220;479;256;223;422;209;213;341;192;149;
2014000;"Powiat zambrowski";45485;22629;22856;2745;1405;1340;3369;1741;1628;4061;2128;1933;4128;2197;1931;3247;1689;1558;
2014011;"Zambrów (1)";23071;11182;11889;1319;672;647;1675;895;780;2068;1076;992;2234;1176;1058;1654;842;812;
2014022;"Kołaki Kościelne (2)";2503;1279;1224;156;95;61;194;96;98;233;130;103;196;91;105;161;88;73;
2014032;"Rutki (2)";6235;3212;3023;396;204;192;487;237;250;587;298;289;506;290;216;434;234;200;
2014042;"Szumowo (2)";4941;2507;2434;308;161;147;371;184;187;415;226;189;438;225;213;376;200;176;
2014052;"Zambrów (2)";8735;4449;4286;566;273;293;642;329;313;758;398;360;754;415;339;622;325;297;
2061000;"Powiat m.Białystok";289233;136249;152984;13045;6675;6370;16404;8436;7968;20795;10736;10059;27270;13519;13751;27612;13523;14089;
2061011;"Białystok (1)";289233;136249;152984;13045;6675;6370;16404;8436;7968;20795;10736;10059;27270;13519;13751;27612;13523;14089;
2062000;"Powiat m.Łomża";63805;30881;32924;3386;1748;1638;4392;2253;2139;5865;3046;2819;6735;3434;3301;4931;2514;2417;
2062011;"Łomża (1)";63805;30881;32924;3386;1748;1638;4392;2253;2139;5865;3046;2819;6735;3434;3301;4931;2514;2417;
2063000;"Powiat m.Suwałki";68889;33064;35825;3964;2019;1945;5291;2740;2551;6479;3301;3178;6908;3468;3440;4937;2431;2506;
2063011;"Suwałki (1)";68889;33064;35825;3964;2019;1945;5291;2740;2551;6479;3301;3178;6908;3468;3440;4937;2431;2506;
2200000;"POMORSKIE";2172284;1058654;1113630;121375;62201;59174;143897;74013;69884;169690;86897;82793;193049;98197;94852;183548;92554;90994;
2201000;"Powiat bytowski";74736;37227;37509;4995;2566;2429;6048;3149;2899;7130;3665;3465;7263;3721;3542;5872;2984;2888;
2201012;"Borzytuchom (2)";2731;1391;1340;218;105;113;275;143;132;275;154;121;260;128;132;192;105;87;
2201023;"Bytów (3)";23108;11329;11779;1448;757;691;1723;894;829;2260;1133;1127;2257;1147;1110;1852;896;956;
2201024;"Bytów - miasto (4)";17030;8255;8775;985;519;466;1197;630;567;1648;819;829;1672;840;832;1348;662;686;
2201025;"Bytów - obszar wiejski (5)";6078;3074;3004;463;238;225;526;264;262;612;314;298;585;307;278;504;234;270;
2201032;"Czarna Dąbrówka (2)";5646;2869;2777;412;195;217;490;253;237;570;310;260;555;274;281;465;264;201;
2201042;"Kołczygłowy (2)";4256;2146;2110;301;160;141;403;208;195;414;212;202;425;220;205;343;170;173;
2201052;"Lipnica (2)";4782;2495;2287;341;187;154;423;238;185;449;238;211;384;205;179;319;168;151;
2201063;"Miastko (3)";19933;9796;10137;1226;618;608;1492;768;724;1808;950;858;2025;1042;983;1522;797;725;
2201064;"Miastko - miasto (4)";11418;5495;5923;628;320;308;713;389;324;934;500;434;1096;542;554;863;446;417;
2201065;"Miastko - obszar wiejski (5)";8515;4301;4214;598;298;300;779;379;400;874;450;424;929;500;429;659;351;308;
2201072;"Parchowo (2)";3377;1673;1704;264;129;135;291;134;157;346;166;180;298;168;130;257;125;132;
2201082;"Studzienice (2)";3299;1674;1625;216;109;107;283;156;127;307;157;150;337;179;158;276;126;150;
2201092;"Trzebielino (2)";3758;1866;1892;253;129;124;330;176;154;331;157;174;345;168;177;321;165;156;
2201102;"Tuchomie (2)";3846;1988;1858;316;177;139;338;179;159;370;188;182;377;190;187;325;168;157;
2202000;"Powiat chojnicki";89780;44136;45644;5853;3004;2849;6927;3603;3324;7825;3931;3894;8365;4311;4054;7014;3615;3399;
2202011;"Chojnice (1)";39485;18871;20614;2215;1156;1059;2675;1401;1274;3279;1622;1657;3710;1917;1793;3186;1588;1598;
2202023;"Brusy (3)";12924;6484;6440;996;492;504;1143;580;563;1192;603;589;1192;623;569;1054;559;495;
2202024;"Brusy - miasto (4)";4518;2239;2279;333;165;168;391;201;190;422;234;188;390;193;197;372;191;181;
2202025;"Brusy - obszar wiejski (5)";8406;4245;4161;663;327;336;752;379;373;770;369;401;802;430;372;682;368;314;
2202032;"Chojnice (2)";15182;7696;7486;1152;558;594;1323;697;626;1442;724;718;1461;766;695;1133;594;539;
2202043;"Czersk (3)";20060;9996;10064;1329;715;614;1587;817;770;1714;880;834;1826;919;907;1485;782;703;
2202044;"Czersk - miasto (4)";9331;4559;4772;596;325;271;707;357;350;788;399;389;834;421;413;681;358;323;
2202045;"Czersk - obszar wiejski (5)";10729;5437;5292;733;390;343;880;460;420;926;481;445;992;498;494;804;424;380;
2202052;"Konarzyny (2)";2129;1089;1040;161;83;78;199;108;91;198;102;96;176;86;90;156;92;64;
2203000;"Powiat człuchowski";56779;28016;28763;3428;1729;1699;4241;2172;2069;5243;2591;2652;5486;2800;2686;4479;2307;2172;
2203011;"Człuchów (1)";14551;7014;7537;698;354;344;871;449;422;1174;568;606;1501;798;703;1202;616;586;
2203023;"Czarne (3)";9392;4566;4826;595;284;311;716;372;344;895;444;451;853;438;415;752;384;368;
2203024;"Czarne - miasto (4)";5978;2860;3118;362;176;186;455;239;216;509;249;260;527;266;261;488;241;247;
2203025;"Czarne - obszar wiejski (5)";3414;1706;1708;233;108;125;261;133;128;386;195;191;326;172;154;264;143;121;
2203032;"Człuchów (2)";9875;5056;4819;701;362;339;881;482;399;969;501;468;958;497;461;776;395;381;
2203043;"Debrzno (3)";9513;4700;4813;649;343;306;754;377;377;899;465;434;889;427;462;723;363;360;
2203044;"Debrzno - miasto (4)";5422;2678;2744;346;200;146;415;209;206;508;270;238;529;269;260;421;202;219;
2203045;"Debrzno - obszar wiejski (5)";4091;2022;2069;303;143;160;339;168;171;391;195;196;360;158;202;302;161;141;
2203052;"Koczała (2)";3501;1727;1774;182;85;97;252;122;130;352;175;177;318;168;150;247;133;114;
2203062;"Przechlewo (2)";6199;3117;3082;363;186;177;472;239;233;603;285;318;606;288;318;483;255;228;
2203072;"Rzeczenica (2)";3748;1836;1912;240;115;125;295;131;164;351;153;198;361;184;177;296;161;135;
2204000;"Powiat gdański";78224;38742;39482;4937;2511;2426;6012;3023;2989;6782;3521;3261;7393;3789;3604;6522;3309;3213;
2204011;"Pruszcz Gdański (1)";22367;10801;11566;1115;574;541;1302;656;646;1739;876;863;1965;993;972;1942;964;978;
2204022;"Cedry Wielkie (2)";5973;2958;3015;408;196;212;488;239;249;549;290;259;568;268;300;497;264;233;
2204032;"Kolbudy (2)";9884;4851;5033;691;344;347;821;405;416;817;434;383;907;424;483;769;363;406;
2204042;"Pruszcz Gdański (2)";14777;7379;7398;954;488;466;1209;625;584;1302;700;602;1419;738;681;1188;601;587;
2204052;"Przywidz (2)";4978;2579;2399;345;179;166;420;194;226;480;266;214;486;272;214;443;256;187;
2204062;"Pszczółki (2)";7346;3638;3708;538;287;251;590;312;278;619;295;324;749;394;355;653;313;340;
2204072;"Suchy Dąb (2)";3776;1944;1832;224;124;100;348;172;176;377;194;183;399;217;182;315;169;146;
2204082;"Trąbki Wielkie (2)";9123;4592;4531;662;319;343;834;420;414;899;466;433;900;483;417;715;379;336;
2205000;"Powiat kartuski";101666;50976;50690;7950;4095;3855;8964;4573;4391;10046;5169;4877;9520;4833;4687;8172;4160;4012;
2205012;"Chmielno (2)";6206;3156;3050;517;260;257;544;278;266;595;321;274;587;291;296;514;263;251;
2205023;"Kartuzy (3)";30082;14838;15244;2032;1074;958;2354;1216;1138;2720;1426;1294;2788;1417;1371;2426;1240;1186;
2205024;"Kartuzy - miasto (4)";15692;7505;8187;882;463;419;993;500;493;1395;735;660;1460;726;734;1263;620;643;
2205025;"Kartuzy - obszar wiejski (5)";14390;7333;7057;1150;611;539;1361;716;645;1325;691;634;1328;691;637;1163;620;543;
2205032;"Przodkowo (2)";6440;3242;3198;552;293;259;552;286;266;638;320;318;632;308;324;499;263;236;
2205042;"Sierakowice (2)";15579;7812;7767;1389;673;716;1563;813;750;1620;828;792;1518;776;742;1287;640;647;
2205052;"Somonino (2)";8651;4424;4227;718;379;339;834;420;414;896;491;405;809;407;402;689;341;348;
2205062;"Stężyca (2)";8084;4116;3968;661;356;305;750;388;362;847;405;442;772;412;360;683;342;341;
2205072;"Sulęczyno (2)";4607;2320;2287;385;198;187;444;202;242;503;245;258;443;231;212;343;177;166;
2205083;"Żukowo (3)";22017;11068;10949;1696;862;834;1923;970;953;2227;1133;1094;1971;991;980;1731;894;837;
2205084;"Żukowo - miasto (4)";5861;2862;2999;408;197;211;475;224;251;565;285;280;559;270;289;501;260;241;
2205085;"Żukowo - obszar wiejski (5)";16156;8206;7950;1288;665;623;1448;746;702;1662;848;814;1412;721;691;1230;634;596;
2206000;"Powiat kościerski";64764;32220;32544;4467;2271;2196;5082;2637;2445;5922;2973;2949;6215;3222;2993;5180;2658;2522;
2206011;"Kościerzyna (1)";22916;11123;11793;1393;738;655;1569;838;731;1966;982;984;2172;1116;1056;1827;907;920;
2206022;"Dziemiany (2)";3890;1942;1948;260;118;142;354;179;175;401;184;217;383;180;203;285;159;126;
2206032;"Karsin (2)";5801;2870;2931;437;206;231;471;234;237;515;268;247;523;281;242;397;205;192;
2206042;"Kościerzyna (2)";12361;6289;6072;960;486;474;1071;554;517;1175;605;570;1185;613;572;1001;520;481;
2206052;"Liniewo (2)";4544;2298;2246;326;171;155;338;180;158;427;219;208;468;247;221;382;186;196;
2206062;"Lipusz (2)";3212;1654;1558;230;133;97;289;155;134;312;145;167;297;175;122;233;115;118;
2206072;"Nowa Karczma (2)";5891;2922;2969;458;216;242;500;257;243;550;264;286;578;291;287;503;250;253;
2206082;"Stara Kiszewa (2)";6149;3122;3027;403;203;200;490;240;250;576;306;270;609;319;290;552;316;236;
2207000;"Powiat kwidzyński";79366;39201;40165;4961;2587;2374;5952;3025;2927;6949;3649;3300;7923;4038;3885;6801;3473;3328;
2207011;"Kwidzyn (1)";37137;17909;19228;2072;1105;967;2483;1261;1222;3005;1601;1404;3641;1826;1815;3354;1654;1700;
2207022;"Gardeja (2)";8224;4168;4056;621;310;311;719;350;369;774;404;370;864;436;428;678;359;319;
2207032;"Kwidzyn (2)";9848;5021;4827;654;323;331;874;449;425;884;474;410;1042;545;497;828;439;389;
2207043;"Prabuty (3)";13076;6485;6591;869;467;402;959;505;454;1179;594;585;1285;650;635;1046;544;502;
2207044;"Prabuty - miasto (4)";8235;3994;4241;483;251;232;561;296;265;714;359;355;802;408;394;676;356;320;
2207045;"Prabuty - obszar wiejski (5)";4841;2491;2350;386;216;170;398;209;189;465;235;230;483;242;241;370;188;182;
2207052;"Ryjewo (2)";5734;2970;2764;358;203;155;407;207;200;593;334;259;527;284;243;447;246;201;
2207062;"Sadlinki (2)";5347;2648;2699;387;179;208;510;253;257;514;242;272;564;297;267;448;231;217;
2208000;"Powiat lęborski";63349;31031;32318;4047;2141;1906;4849;2530;2319;5557;2915;2642;5817;2917;2900;4819;2459;2360;
2208011;"Lębork (1)";35370;16999;18371;2073;1094;979;2457;1291;1166;2950;1547;1403;3219;1599;1620;2670;1357;1313;
2208021;"Łeba (1)";3886;1863;2023;182;100;82;285;154;131;286;149;137;302;147;155;271;126;145;
2208032;"Cewice (2)";7104;3631;3473;591;317;274;649;331;318;692;365;327;667;344;323;509;263;246;
2208042;"Nowa Wieś Lęborska (2)";11583;5870;5713;798;431;367;1006;513;493;1109;579;530;1108;569;539;926;493;433;
2208052;"Wicko (2)";5406;2668;2738;403;199;204;452;241;211;520;275;245;521;258;263;443;220;223;
2209000;"Powiat malborski";105017;51415;53602;6248;3212;3036;7427;3837;3590;8887;4543;4344;10163;5244;4919;8384;4228;4156;
2209011;"Malbork (1)";38589;18578;20011;1922;981;941;2313;1199;1114;2913;1478;1435;3558;1890;1668;3080;1557;1523;
2209023;"Dzierzgoń (3)";9551;4758;4793;661;351;310;743;402;341;940;464;476;918;500;418;735;374;361;
2209024;"Dzierzgoń - miasto (4)";5688;2785;2903;359;195;164;438;242;196;553;280;273;562;304;258;440;223;217;
2209025;"Dzierzgoń - obszar wiejski (5)";3863;1973;1890;302;156;146;305;160;145;387;184;203;356;196;160;295;151;144;
2209032;"Lichnowy (2)";4607;2255;2352;343;171;172;415;196;219;425;215;210;433;215;218;345;171;174;
2209042;"Malbork (2)";3898;1949;1949;255;121;134;316;163;153;319;161;158;362;173;189;325;173;152;
2209052;"Mikołajki Pomorskie (2)";3730;1863;1867;268;139;129;300;151;149;375;195;180;411;204;207;281;135;146;
2209062;"Miłoradz (2)";3466;1731;1735;225;112;113;276;142;134;305;173;132;321;157;164;297;151;146;
2209073;"Nowy Staw (3)";7934;3912;4022;456;241;215;591;306;285;670;355;315;760;383;377;593;306;287;
2209074;"Nowy Staw - miasto (4)";4005;1938;2067;209;109;100;272;141;131;331;188;143;362;173;189;272;137;135;
2209075;"Nowy Staw - obszar wiejski (5)";3929;1974;1955;247;132;115;319;165;154;339;167;172;398;210;188;321;169;152;
2209082;"Stare Pole (2)";4519;2253;2266;301;151;150;316;160;156;383;183;200;490;272;218;365;180;185;
2209092;"Stary Dzierzgoń (2)";4094;2046;2048;284;160;124;337;158;179;392;196;196;373;200;173;266;140;126;
2209102;"Stary Targ (2)";6622;3337;3285;469;247;222;570;301;269;575;309;266;710;341;369;546;282;264;
2209113;"Sztum (3)";18007;8733;9274;1064;538;526;1250;659;591;1590;814;776;1827;909;918;1551;759;792;
2209114;"Sztum - miasto (4)";10363;4895;5468;494;230;264;674;359;315;873;447;426;1008;479;529;854;424;430;
2209115;"Sztum - obszar wiejski (5)";7644;3838;3806;570;308;262;576;300;276;717;367;350;819;430;389;697;335;362;
2210000;"Powiat nowodworski";35532;17592;17940;2187;1104;1083;2582;1345;1237;3082;1628;1454;3324;1738;1586;2801;1451;1350;
2210011;"Krynica Morska (1)";1281;602;679;68;38;30;81;38;43;102;56;46;98;46;52;115;51;64;
2210023;"Nowy Dwór Gdański (3)";17958;8793;9165;1137;569;568;1273;651;622;1550;787;763;1757;907;850;1471;753;718;
2210024;"Nowy Dwór Gdański - miasto (4)";10042;4812;5230;593;296;297;667;336;331;816;421;395;928;482;446;814;403;411;
2210025;"Nowy Dwór Gdański - obszar wiejski (5)";7916;3981;3935;544;273;271;606;315;291;734;366;368;829;425;404;657;350;307;
2210032;"Ostaszewo (2)";3338;1701;1637;217;108;109;287;154;133;301;174;127;285;146;139;237;136;101;
2210042;"Stegna (2)";9385;4726;4659;531;279;252;664;352;312;817;437;380;901;490;411;730;378;352;
2210052;"Sztutowo (2)";3570;1770;1800;234;110;124;277;150;127;312;174;138;283;149;134;248;133;115;
2211000;"Powiat pucki";70588;34997;35591;4756;2457;2299;5412;2786;2626;6247;3185;3062;6477;3273;3204;5611;2812;2799;
2211011;"Hel (1)";4423;2205;2218;293;160;133;328;168;160;355;181;174;326;162;164;302;146;156;
2211021;"Jastarnia (1)";3996;1927;2069;225;114;111;294;155;139;309;157;152;331;161;170;288;142;146;
2211031;"Puck (1)";11211;5415;5796;576;291;285;592;301;291;801;429;372;1001;531;470;899;450;449;
2211041;"Władysławowo (1)";14451;7078;7373;877;450;427;1088;556;532;1325;682;643;1351;693;658;1163;553;610;
2211052;"Kosakowo (2)";6636;3346;3290;483;261;222;545;281;264;617;309;308;550;286;264;545;270;275;
2211062;"Krokowa (2)";9689;4837;4852;736;372;364;842;447;395;941;491;450;961;452;509;812;406;406;
2211072;"Puck (2)";20182;10189;9993;1566;809;757;1723;878;845;1899;936;963;1957;988;969;1602;845;757;
2212000;"Powiat słupski";91076;45470;45606;5636;2857;2779;6761;3482;3279;7945;4044;3901;9328;4811;4517;7207;3718;3489;
2212011;"Ustka (1)";16419;7904;8515;770;388;382;901;478;423;1090;558;532;1509;742;767;1267;655;612;
2212022;"Damnica (2)";6248;3144;3104;420;209;211;571;313;258;657;341;316;633;301;332;482;257;225;
2212032;"Dębnica Kaszubska (2)";9186;4598;4588;655;321;334;709;371;338;808;440;368;920;447;473;716;339;377;
2212042;"Główczyce (2)";9324;4718;4606;609;315;294;751;392;359;919;454;465;1017;531;486;794;421;373;
2212053;"Kępice (3)";9821;5047;4774;597;299;298;745;399;346;821;422;399;1156;694;462;710;366;344;
2212054;"Kępice - miasto (4)";3980;1953;2027;209;98;111;291;168;123;354;188;166;428;208;220;280;144;136;
2212055;"Kępice - obszar wiejski (5)";5841;3094;2747;388;201;187;454;231;223;467;234;233;728;486;242;430;222;208;
2212062;"Kobylnica (2)";9254;4690;4564;552;270;282;677;329;348;858;443;415;954;503;451;728;420;308;
2212072;"Potęgowo (2)";7074;3550;3524;504;268;236;584;299;285;705;355;350;718;357;361;596;318;278;
2212082;"Słupsk (2)";13072;6473;6599;861;446;415;1035;534;501;1174;567;607;1366;693;673;1070;522;548;
2212092;"Smołdzino (2)";3534;1754;1780;226;116;110;260;120;140;302;156;146;331;174;157;273;136;137;
2212102;"Ustka (2)";7144;3592;3552;442;225;217;528;247;281;611;308;303;724;369;355;571;284;287;
2213000;"Powiat starogardzki";119913;58984;60929;7689;3924;3765;9088;4703;4385;11022;5620;5402;11451;5843;5608;9179;4731;4448;
2213011;"Czarna Woda (1)";3241;1599;1642;203;99;104;221;124;97;284;140;144;277;143;134;220;112;108;
2213021;"Skórcz (1)";3464;1699;1765;237;111;126;263;138;125;334;162;172;334;175;159;272;138;134;
2213031;"Starogard Gdański (1)";49011;23615;25396;2706;1375;1331;3256;1670;1586;3986;2071;1915;4580;2398;2182;3915;2013;1902;
2213042;"Bobowo (2)";2741;1395;1346;189;97;92;224;129;95;276;139;137;273;138;135;231;105;126;
2213052;"Kaliska (2)";4986;2470;2516;359;186;173;409;204;205;481;240;241;434;217;217;353;183;170;
2213062;"Lubichowo (2)";5591;2756;2835;380;204;176;484;242;242;521;260;261;469;236;233;413;216;197;
2213072;"Osieczna (2)";2844;1434;1410;195;100;95;247;129;118;294;157;137;232;119;113;173;92;81;
2213082;"Osiek (2)";2417;1224;1193;134;72;62;163;91;72;213;110;103;195;98;97;157;89;68;
2213093;"Skarszewy (3)";13526;6693;6833;964;496;468;1104;583;521;1354;684;670;1422;685;737;1014;522;492;
2213094;"Skarszewy - miasto (4)";6511;3151;3360;438;228;210;518;274;244;664;342;322;672;333;339;491;241;250;
2213095;"Skarszewy - obszar wiejski (5)";7015;3542;3473;526;268;258;586;309;277;690;342;348;750;352;398;523;281;242;
2213102;"Skórcz (2)";4533;2265;2268;308;159;149;351;179;172;444;221;223;469;229;240;355;181;174;
2213112;"Smętowo Graniczne (2)";5200;2584;2616;336;165;171;383;188;195;503;247;256;543;279;264;447;237;210;
2213122;"Starogard Gdański (2)";11912;6081;5831;920;473;447;1065;562;503;1209;641;568;1215;604;611;903;472;431;
2213132;"Zblewo (2)";10447;5169;5278;758;387;371;918;464;454;1123;548;575;1008;522;486;726;371;355;
2214000;"Powiat tczewski";111245;54313;56932;6506;3326;3180;7819;3974;3845;9511;4892;4619;10355;5165;5190;9342;4775;4567;
2214011;"Tczew (1)";59783;28634;31149;3158;1615;1543;3826;1928;1898;4672;2422;2250;5264;2627;2637;5056;2513;2543;
2214023;"Gniew (3)";15641;7745;7896;906;447;459;1150;602;548;1466;760;706;1561;758;803;1188;641;547;
2214024;"Gniew - miasto (4)";6966;3335;3631;333;165;168;428;221;207;627;315;312;692;345;347;522;265;257;
2214025;"Gniew - obszar wiejski (5)";8675;4410;4265;573;282;291;722;381;341;839;445;394;869;413;456;666;376;290;
2214032;"Morzeszczyn (2)";3736;1879;1857;292;154;138;302;156;146;371;184;187;358;181;177;317;159;158;
2214043;"Pelplin (3)";16416;8169;8247;1052;549;503;1222;595;627;1517;771;746;1597;831;766;1468;802;666;
2214044;"Pelplin - miasto (4)";8550;4247;4303;510;262;248;545;274;271;727;369;358;812;439;373;816;476;340;
2214045;"Pelplin - obszar wiejski (5)";7866;3922;3944;542;287;255;677;321;356;790;402;388;785;392;393;652;326;326;
2214052;"Subkowy (2)";5024;2564;2460;371;203;168;457;245;212;517;272;245;446;213;233;424;226;198;
2214062;"Tczew (2)";10645;5322;5323;727;358;369;862;448;414;968;483;485;1129;555;574;889;434;455;
2215000;"Powiat wejherowski";171133;85087;86046;11201;5756;5445;13463;6976;6487;15505;7983;7522;15948;8097;7851;14181;7252;6929;
2215011;"Reda (1)";17156;8518;8638;1033;541;492;1300;687;613;1759;870;889;1858;937;921;1435;702;733;
2215021;"Rumia (1)";43021;21117;21904;2305;1159;1146;2832;1468;1364;3423;1760;1663;3948;2025;1923;3718;1937;1781;
2215031;"Wejherowo (1)";44950;21779;23171;2474;1261;1213;3003;1571;1432;3664;1961;1703;3897;1967;1930;3707;1823;1884;
2215042;"Choczewo (2)";5414;2814;2600;353;206;147;413;203;210;505;290;215;538;289;249;443;257;186;
2215052;"Gniewino (2)";6510;3414;3096;533;279;254;627;331;296;658;336;322;616;313;303;509;267;242;
2215062;"Linia (2)";5500;2780;2720;472;230;242;544;285;259;571;270;301;512;258;254;424;226;198;
2215072;"Luzino (2)";11399;5770;5629;1020;550;470;1162;593;569;1217;627;590;1041;515;526;900;453;447;
2215082;"Łęczyce (2)";10783;5427;5356;829;409;420;939;479;460;1048;526;522;1092;551;541;996;505;491;
2215092;"Szemud (2)";10981;5666;5315;913;477;436;1130;586;544;1110;574;536;1030;518;512;789;428;361;
2215102;"Wejherowo (2)";15419;7802;7617;1269;644;625;1513;773;740;1550;769;781;1416;724;692;1260;654;606;
2261000;"Powiat m.Gdańsk";462995;220655;242340;19580;9954;9626;23105;11873;11232;27428;13974;13454;36534;18470;18064;44358;21968;22390;
2261011;"Gdańsk (1)";462995;220655;242340;19580;9954;9626;23105;11873;11232;27428;13974;13454;36534;18470;18064;44358;21968;22390;
2262000;"Powiat m.Gdynia";253387;121609;131778;11114;5727;5387;12899;6564;6335;15179;7731;7448;19657;10081;9576;21593;10809;10784;
2262011;"Gdynia (1)";253387;121609;131778;11114;5727;5387;12899;6564;6335;15179;7731;7448;19657;10081;9576;21593;10809;10784;
2263000;"Powiat m.Słupsk";100386;47477;52909;4466;2290;2176;5527;2849;2678;7179;3717;3462;8771;4341;4430;8463;4057;4406;
2263011;"Słupsk (1)";100386;47477;52909;4466;2290;2176;5527;2849;2678;7179;3717;3462;8771;4341;4430;8463;4057;4406;
2264000;"Powiat m.Sopot";42348;19506;22842;1354;690;664;1739;912;827;2251;1166;1085;3059;1503;1556;3570;1788;1782;
2264011;"Sopot (1)";42348;19506;22842;1354;690;664;1739;912;827;2251;1166;1085;3059;1503;1556;3570;1788;1782;
2400000;"ŚLĄSKIE";4758944;2305956;2452988;220201;113033;107168;272580;139403;133177;342418;175583;166835;406323;206951;199372;386889;194367;192522;
2401000;"Powiat będziński";146749;69893;76856;5903;3027;2876;6985;3513;3472;8572;4447;4125;11390;5744;5646;11548;5799;5749;
2401011;"Będzin (1)";59719;28322;31397;2334;1167;1167;2694;1368;1326;3245;1717;1528;4666;2369;2297;4942;2502;2440;
2401021;"Czeladź (1)";35336;16786;18550;1365;728;637;1609;801;808;2011;1036;975;2896;1454;1442;2833;1430;1403;
2401031;"Wojkowice (1)";9672;4609;5063;393;201;192;468;258;210;669;349;320;760;358;402;642;300;342;
2401042;"Bobrowniki (2)";11340;5317;6023;425;228;197;507;255;252;641;325;316;818;397;421;809;386;423;
2401052;"Mierzęcice (2)";7435;3611;3824;382;176;206;453;227;226;483;241;242;554;276;278;575;277;298;
2401062;"Psary (2)";11054;5301;5753;449;241;208;535;255;280;645;326;319;768;381;387;813;430;383;
2401073;"Siewierz (3)";12193;5947;6246;555;286;269;719;349;370;878;453;425;928;509;419;934;474;460;
2401074;"Siewierz - miasto (4)";5571;2688;2883;235;117;118;316;150;166;382;198;184;468;254;214;402;198;204;
2401075;"Siewierz - obszar wiejski (5)";6622;3259;3363;320;169;151;403;199;204;496;255;241;460;255;205;532;276;256;
2402000;"Powiat bielski";145772;70917;74855;7970;4052;3918;9944;5101;4843;11626;6018;5608;12531;6402;6129;11412;5797;5615;
2402011;"Szczyrk (1)";5665;2719;2946;318;161;157;360;187;173;427;210;217;481;237;244;434;217;217;
2402022;"Bestwina (2)";10086;4915;5171;571;286;285;689;345;344;844;448;396;797;416;381;746;374;372;
2402032;"Buczkowice (2)";10291;5048;5243;551;285;266;737;382;355;823;425;398;858;453;405;825;440;385;
2402043;"Czechowice-Dziedzice (3)";42985;20795;22190;2251;1128;1123;2665;1363;1302;3343;1775;1568;3830;1979;1851;3566;1792;1774;
2402044;"Czechowice-Dziedzice - miasto (4)";35034;16827;18207;1791;895;896;2076;1037;1039;2638;1389;1249;3108;1616;1492;2973;1491;1482;
2402045;"Czechowice-Dziedzice - obszar wiejski (5)";7951;3968;3983;460;233;227;589;326;263;705;386;319;722;363;359;593;301;292;
2402052;"Jasienica (2)";19195;9458;9737;1168;587;581;1397;712;685;1609;842;767;1724;889;835;1595;809;786;
2402062;"Jaworze (2)";6088;2950;3138;317;164;153;400;203;197;455;233;222;516;274;242;458;227;231;
2402072;"Kozy (2)";10916;5258;5658;554;265;289;755;384;371;872;414;458;942;503;439;857;443;414;
2402082;"Porąbka (2)";14389;7100;7289;819;449;370;1034;527;507;1198;621;577;1238;611;627;1073;547;526;
2402093;"Wilamowice (3)";14415;7078;7337;842;436;406;1148;592;556;1207;614;593;1196;602;594;1009;523;486;
2402094;"Wilamowice - miasto (4)";2815;1378;1437;143;83;60;200;100;100;207;101;106;216;106;110;202;109;93;
2402095;"Wilamowice - obszar wiejski (5)";11600;5700;5900;699;353;346;948;492;456;1000;513;487;980;496;484;807;414;393;
2402102;"Wilkowice (2)";11742;5596;6146;579;291;288;759;406;353;848;436;412;949;438;511;849;425;424;
2403000;"Powiat cieszyński";168729;80991;87738;9177;4759;4418;11115;5670;5445;12862;6653;6209;14414;7163;7251;13804;6727;7077;
2403011;"Cieszyn (1)";36691;16931;19760;1670;882;788;1965;974;991;2470;1238;1232;3166;1565;1601;3301;1468;1833;
2403021;"Ustroń (1)";15468;7235;8233;710;355;355;892;444;448;1064;547;517;1217;596;621;1154;568;586;
2403031;"Wisła (1)";11492;5541;5951;569;294;275;747;387;360;836;448;388;1026;472;554;878;436;442;
2403042;"Brenna (2)";9594;4746;4848;635;321;314;708;356;352;767;402;365;791;397;394;725;381;344;
2403052;"Chybie (2)";8852;4328;4524;513;291;222;634;325;309;730;380;350;767;361;406;736;358;378;
2403062;"Dębowiec (2)";5314;2632;2682;324;179;145;440;226;214;445;218;227;448;236;212;428;212;216;
2403072;"Goleszów (2)";11828;5662;6166;611;323;288;782;387;395;846;445;401;946;463;483;877;451;426;
2403082;"Hażlach (2)";9420;4658;4762;556;271;285;762;403;359;869;442;427;820;417;403;717;377;340;
2403092;"Istebna (2)";11045;5536;5509;802;442;360;977;500;477;1056;571;485;988;508;480;861;425;436;
2403103;"Skoczów (3)";25294;12036;13258;1389;688;701;1597;813;784;1923;979;944;2240;1113;1127;2200;1075;1125;
2403104;"Skoczów - miasto (4)";14977;7077;7900;753;383;370;839;425;414;1087;523;564;1410;716;694;1386;662;724;
2403105;"Skoczów - obszar wiejski (5)";10317;4959;5358;636;305;331;758;388;370;836;456;380;830;397;433;814;413;401;
2403113;"Strumień (3)";11629;5778;5851;665;333;332;821;428;393;947;509;438;1045;546;499;947;508;439;
2403114;"Strumień - miasto (4)";3485;1752;1733;200;100;100;260;149;111;291;169;122;324;169;155;291;159;132;
2403115;"Strumień - obszar wiejski (5)";8144;4026;4118;465;233;232;561;279;282;656;340;316;721;377;344;656;349;307;
2403122;"Zebrzydowice (2)";12102;5908;6194;733;380;353;790;427;363;909;474;435;960;489;471;980;468;512;
2404000;"Powiat częstochowski";134074;65692;68382;6782;3476;3306;8898;4583;4315;9738;5001;4737;10502;5475;5027;9968;5136;4832;
2404013;"Blachownia (3)";13358;6267;7091;639;319;320;802;390;412;914;455;459;1043;558;485;972;483;489;
2404014;"Blachownia - miasto (4)";10049;4682;5367;452;221;231;594;285;309;642;323;319;779;413;366;730;365;365;
2404015;"Blachownia - obszar wiejski (5)";3309;1585;1724;187;98;89;208;105;103;272;132;140;264;145;119;242;118;124;
2404022;"Dąbrowa Zielona (2)";4334;2126;2208;189;91;98;239;120;119;287;133;154;285;144;141;279;155;124;
2404032;"Janów (2)";6168;3070;3098;308;156;152;405;198;207;455;234;221;617;310;307;435;232;203;
2404042;"Kamienica Polska (2)";5496;2655;2841;232;110;122;335;158;177;364;196;168;397;208;189;429;235;194;
2404052;"Kłomnice (2)";13969;6807;7162;731;356;375;963;504;459;948;503;445;978;475;503;1007;515;492;
2404063;"Koniecpol (3)";10777;5379;5398;557;305;252;734;387;347;730;393;337;837;460;377;791;403;388;
2404064;"Koniecpol - miasto (4)";6592;3247;3345;339;185;154;432;237;195;456;225;231;521;283;238;493;252;241;
2404065;"Koniecpol - obszar wiejski (5)";4185;2132;2053;218;120;98;302;150;152;274;168;106;316;177;139;298;151;147;
2404072;"Konopiska (2)";10313;5010;5303;482;249;233;660;335;325;802;405;397;793;406;387;802;414;388;
2404082;"Kruszyna (2)";4896;2406;2490;261;132;129;364;190;174;386;195;191;330;172;158;367;188;179;
2404092;"Lelów (2)";5336;2668;2668;235;123;112;346;175;171;426;212;214;395;211;184;333;177;156;
2404102;"Mstów (2)";10074;5015;5059;588;318;270;734;364;370;744;383;361;833;457;376;798;431;367;
2404112;"Mykanów (2)";13424;6693;6731;756;387;369;1006;552;454;1000;516;484;1149;594;555;1062;558;504;
2404122;"Olsztyn (2)";7094;3502;3592;415;209;206;492;262;230;530;276;254;573;294;279;561;268;293;
2404132;"Poczesna (2)";12251;5918;6333;582;298;284;741;383;358;931;462;469;1003;521;482;956;466;490;
2404142;"Przyrów (2)";4286;2125;2161;191;115;76;298;158;140;311;161;150;320;157;163;298;152;146;
2404152;"Rędziny (2)";9548;4685;4863;481;237;244;627;337;290;696;366;330;735;393;342;652;335;317;
2404162;"Starcza (2)";2750;1366;1384;135;71;64;152;70;82;214;111;103;214;115;99;226;124;102;
2405000;"Powiat gliwicki";118136;57731;60405;5593;2853;2740;7029;3536;3493;9133;4635;4498;10494;5334;5160;9112;4468;4644;
2405011;"Knurów (1)";40907;20170;20737;2048;1034;1014;2505;1262;1243;3153;1587;1566;3757;1915;1842;3525;1796;1729;
2405021;"Pyskowice (1)";19684;9480;10204;792;408;384;1137;576;561;1493;739;754;1810;908;902;1428;708;720;
2405032;"Gierałtowice (2)";10737;5256;5481;497;262;235;635;330;305;781;421;360;798;422;376;803;378;425;
2405042;"Pilchowice (2)";10184;4978;5206;515;251;264;531;267;264;783;383;400;896;461;435;769;385;384;
2405052;"Rudziniec (2)";11041;5399;5642;517;265;252;659;319;340;857;457;400;880;421;459;780;359;421;
2405063;"Sośnicowice (3)";8168;3953;4215;390;201;189;439;237;202;600;310;290;745;372;373;595;284;311;
2405064;"Sośnicowice - miasto (4)";1849;820;1029;77;42;35;105;62;43;136;61;75;167;77;90;146;58;88;
2405065;"Sośnicowice - obszar wiejski (5)";6319;3133;3186;313;159;154;334;175;159;464;249;215;578;295;283;449;226;223;
2405073;"Toszek (3)";11058;5356;5702;500;272;228;677;329;348;940;472;468;1013;518;495;823;358;465;
2405074;"Toszek - miasto (4)";4284;2030;2254;179;102;77;261;132;129;346;188;158;387;193;194;373;161;212;
2405075;"Toszek - obszar wiejski (5)";6774;3326;3448;321;170;151;416;197;219;594;284;310;626;325;301;450;197;253;
2405082;"Wielowieś (2)";6357;3139;3218;334;160;174;446;216;230;526;266;260;595;317;278;389;200;189;
2406000;"Powiat kłobucki";85018;41978;43040;4614;2384;2230;5792;2991;2801;6485;3319;3166;6843;3516;3327;6331;3315;3016;
2406013;"Kłobuck (3)";20584;10049;10535;1055;554;501;1273;653;620;1506;773;733;1680;857;823;1542;801;741;
2406014;"Kłobuck - miasto (4)";13561;6500;7061;643;322;321;818;422;396;924;462;462;1109;564;545;977;490;487;
2406015;"Kłobuck - obszar wiejski (5)";7023;3549;3474;412;232;180;455;231;224;582;311;271;571;293;278;565;311;254;
2406023;"Krzepice (3)";9503;4713;4790;533;272;261;622;335;287;720;374;346;786;402;384;669;358;311;
2406024;"Krzepice - miasto (4)";4576;2232;2344;240;111;129;297;158;139;318;163;155;401;205;196;342;176;166;
2406025;"Krzepice - obszar wiejski (5)";4927;2481;2446;293;161;132;325;177;148;402;211;191;385;197;188;327;182;145;
2406032;"Lipie (2)";6612;3270;3342;367;182;185;461;238;223;542;255;287;523;289;234;453;238;215;
2406042;"Miedźno (2)";7525;3729;3796;385;197;188;523;266;257;616;309;307;596;311;285;564;287;277;
2406052;"Opatów (2)";6837;3418;3419;371;197;174;526;267;259;547;281;266;559;260;299;507;283;224;
2406062;"Panki (2)";4922;2425;2497;259;115;144;347;180;167;393;208;185;422;221;201;388;192;196;
2406072;"Popów (2)";6010;2996;3014;333;162;171;411;208;203;434;221;213;484;264;220;449;244;205;
2406082;"Przystajń (2)";6048;3019;3029;330;178;152;421;215;206;452;244;208;484;247;237;453;234;219;
2406092;"Wręczyca Wielka (2)";16977;8359;8618;981;527;454;1208;629;579;1275;654;621;1309;665;644;1306;678;628;
2407000;"Powiat lubliniecki";77217;38090;39127;4079;2144;1935;5029;2573;2456;6389;3330;3059;6885;3537;3348;5967;3048;2919;
2407011;"Lubliniec (1)";24664;12023;12641;1203;650;553;1505;787;718;2001;1043;958;2147;1121;1026;1891;958;933;
2407022;"Boronów (2)";3255;1619;1636;167;87;80;228;111;117;243;127;116;282;160;122;260;131;129;
2407032;"Ciasna (2)";8155;4032;4123;445;242;203;536;265;271;698;354;344;753;374;379;624;320;304;
2407042;"Herby (2)";6979;3491;3488;337;186;151;437;219;218;622;348;274;676;371;305;571;273;298;
2407052;"Kochanowice (2)";6652;3285;3367;363;188;175;512;264;248;586;303;283;603;290;313;491;236;255;
2407062;"Koszęcin (2)";11388;5617;5771;611;300;311;750;383;367;881;463;418;970;484;486;896;483;413;
2407072;"Pawonków (2)";6546;3249;3297;409;208;201;454;245;209;592;296;296;571;288;283;486;250;236;
2407083;"Woźniki (3)";9578;4774;4804;544;283;261;607;299;308;766;396;370;883;449;434;748;397;351;
2407084;"Woźniki - miasto (4)";4498;2224;2274;259;130;129;278;139;139;350;182;168;419;209;210;338;179;159;
2407085;"Woźniki - obszar wiejski (5)";5080;2550;2530;285;153;132;329;160;169;416;214;202;464;240;224;410;218;192;
2408000;"Powiat mikołowski";90463;44109;46354;4448;2299;2149;5639;2913;2726;7155;3622;3533;8086;4160;3926;7108;3497;3611;
2408011;"Łaziska Górne (1)";22158;10712;11446;1067;563;504;1399;704;695;1858;909;949;2113;1071;1042;1740;805;935;
2408021;"Mikołów (1)";38191;18534;19657;1771;899;872;2181;1098;1083;2754;1417;1337;3468;1810;1658;3159;1575;1584;
2408031;"Orzesze (1)";18658;9209;9449;1008;523;485;1227;661;566;1544;787;757;1578;819;759;1316;671;645;
2408042;"Ornontowice (2)";5451;2712;2739;298;153;145;445;250;195;517;269;248;439;223;216;395;188;207;
2408052;"Wyry (2)";6005;2942;3063;304;161;143;387;200;187;482;240;242;488;237;251;498;258;240;
2409000;"Powiat myszkowski";72448;35171;37277;3413;1768;1645;4206;2174;2032;5085;2614;2471;5976;3056;2920;5524;2873;2651;
2409011;"Myszków (1)";33415;16109;17306;1416;740;676;1854;978;876;2443;1261;1182;2921;1458;1463;2572;1355;1217;
2409023;"Koziegłowy (3)";14606;7166;7440;675;348;327;846;443;403;932;494;438;1120;576;544;1094;567;527;
2409024;"Koziegłowy - miasto (4)";2458;1186;1272;106;59;47;137;72;65;156;88;68;188;86;102;170;94;76;
2409025;"Koziegłowy - obszar wiejski (5)";12148;5980;6168;569;289;280;709;371;338;776;406;370;932;490;442;924;473;451;
2409032;"Niegowa (2)";5905;2947;2958;367;187;180;428;201;227;495;248;247;525;269;256;467;245;222;
2409042;"Poraj (2)";10448;5011;5437;509;271;238;563;289;274;626;323;303;759;406;353;786;410;376;
2409053;"Żarki (3)";8074;3938;4136;446;222;224;515;263;252;589;288;301;651;347;304;605;296;309;
2409054;"Żarki - miasto (4)";4338;2092;2246;234;112;122;281;139;142;345;163;182;350;181;169;335;167;168;
2409055;"Żarki - obszar wiejski (5)";3736;1846;1890;212;110;102;234;124;110;244;125;119;301;166;135;270;129;141;
2410000;"Powiat pszczyński";102882;50556;52326;6112;3106;3006;7493;3776;3717;9684;4932;4752;10308;5298;5010;7850;3889;3961;
2410012;"Goczałkowice-Zdrój (2)";6066;2955;3111;367;183;184;423;219;204;473;232;241;495;274;221;468;229;239;
2410022;"Kobiór (2)";4497;2233;2264;252;139;113;298;156;142;322;161;161;427;215;212;359;184;175;
2410032;"Miedźna (2)";15460;7778;7682;931;474;457;1331;678;653;1978;995;983;1772;916;856;935;472;463;
2410042;"Pawłowice (2)";17632;8734;8898;1071;554;517;1313;663;650;1766;903;863;2090;1084;1006;1297;644;653;
2410053;"Pszczyna (3)";48963;23812;25151;2762;1372;1390;3248;1610;1638;4150;2145;2005;4615;2378;2237;4037;2010;2027;
2410054;"Pszczyna - miasto (4)";25866;12446;13420;1294;657;637;1554;745;809;2084;1088;996;2423;1276;1147;2130;1071;1059;
2410055;"Pszczyna - obszar wiejski (5)";23097;11366;11731;1468;715;753;1694;865;829;2066;1057;1009;2192;1102;1090;1907;939;968;
2410062;"Suszec (2)";10264;5044;5220;729;384;345;880;450;430;995;496;499;909;431;478;754;350;404;
2411000;"Powiat raciborski";115473;55946;59527;5342;2763;2579;6906;3428;3478;9406;4762;4644;10545;5472;5073;9076;4482;4594;
2411011;"Racibórz (1)";60132;28770;31362;2763;1420;1343;3634;1794;1840;4826;2391;2435;5462;2837;2625;5064;2503;2561;
2411022;"Kornowac (2)";4640;2302;2338;245;133;112;299;147;152;379;205;174;405;215;190;353;181;172;
2411032;"Krzanowice (2)";6341;3106;3235;275;151;124;383;197;186;502;236;266;592;307;285;434;230;204;
2411042;"Krzyżanowice (2)";11610;5618;5992;525;271;254;656;326;330;961;487;474;1062;536;526;850;409;441;
2411053;"Kuźnia Raciborska (3)";12592;6333;6259;596;317;279;725;375;350;1048;580;468;1300;726;574;879;423;456;
2411054;"Kuźnia Raciborska - miasto (4)";5860;2959;2901;282;152;130;340;193;147;446;238;208;586;329;257;475;226;249;
2411055;"Kuźnia Raciborska - obszar wiejski (5)";6732;3374;3358;314;165;149;385;182;203;602;342;260;714;397;317;404;197;207;
2411062;"Nędza (2)";7376;3597;3779;322;163;159;461;230;231;625;311;314;662;325;337;551;269;282;
2411072;"Pietrowice Wielkie (2)";7336;3570;3766;343;172;171;442;207;235;633;329;304;628;320;308;564;292;272;
2411082;"Rudnik (2)";5446;2650;2796;273;136;137;306;152;154;432;223;209;434;206;228;381;175;206;
2412000;"Powiat rybnicki";72810;36069;36741;3893;2011;1882;4767;2565;2202;6127;3198;2929;6542;3392;3150;5575;2837;2738;
2412013;"Czerwionka-Leszczyny (3)";41157;20442;20715;2063;1054;1009;2677;1431;1246;3542;1855;1687;3717;1936;1781;3076;1583;1493;
2412014;"Czerwionka-Leszczyny - miasto (4)";29054;14401;14653;1446;732;714;1923;1039;884;2575;1349;1226;2712;1395;1317;2129;1091;1038;
2412015;"Czerwionka-Leszczyny - obszar wiejski (5)";12103;6041;6062;617;322;295;754;392;362;967;506;461;1005;541;464;947;492;455;
2412022;"Gaszowice (2)";8458;4249;4209;454;244;210;524;289;235;663;349;314;718;380;338;699;380;319;
2412032;"Jejkowice (2)";3469;1704;1765;226;117;109;206;119;87;307;160;147;344;156;188;263;122;141;
2412042;"Lyski (2)";8786;4276;4510;477;261;216;616;331;285;695;353;342;719;374;345;641;321;320;
2412052;"Świerklany (2)";10940;5398;5542;673;335;338;744;395;349;920;481;439;1044;546;498;896;431;465;
2413000;"Powiat tarnogórski";140315;68605;71710;6349;3293;3056;7959;4043;3916;10442;5422;5020;12375;6321;6054;10841;5495;5346;
2413011;"Kalety (1)";8828;4295;4533;401;205;196;524;279;245;722;360;362;782;379;403;629;322;307;
2413021;"Miasteczko Śląskie (1)";7436;3680;3756;374;195;179;417;200;217;539;286;253;604;318;286;544;253;291;
2413031;"Radzionków (1)";17533;8551;8982;834;444;390;1005;502;503;1274;686;588;1548;745;803;1422;700;722;
2413041;"Tarnowskie Góry (1)";62764;30233;32531;2695;1394;1301;3468;1751;1717;4568;2374;2194;5618;2811;2807;5093;2599;2494;
2413052;"Krupski Młyn (2)";3552;1759;1793;183;99;84;230;122;108;286;154;132;322;183;139;211;108;103;
2413062;"Ożarowice (2)";5285;2581;2704;246;120;126;318;178;140;376;167;209;435;215;220;356;171;185;
2413072;"Świerklaniec (2)";10693;5289;5404;457;232;225;586;296;290;836;442;394;933;480;453;817;423;394;
2413082;"Tworóg (2)";8290;4180;4110;399;198;201;508;267;241;662;364;298;811;487;324;569;277;292;
2413092;"Zbrosławice (2)";15934;8037;7897;760;406;354;903;448;455;1179;589;590;1322;703;619;1200;642;558;
2414000;"Powiat bieruńsko-lędziński";55426;27361;28065;2965;1528;1437;3865;1997;1868;4935;2539;2396;5250;2658;2592;4112;2045;2067;
2414011;"Bieruń (1)";20138;10046;10092;1045;567;478;1409;767;642;1796;922;874;2216;1132;1084;1635;808;827;
2414021;"Imielin (1)";7657;3703;3954;412;210;202;466;243;223;558;281;277;620;321;299;542;284;258;
2414031;"Lędziny (1)";15876;7866;8010;840;431;409;1210;614;596;1575;820;755;1429;700;729;1080;538;542;
2414042;"Bojszowy (2)";6231;3123;3108;386;189;197;426;207;219;596;315;281;559;307;252;466;228;238;
2414052;"Chełm Śląski (2)";5524;2623;2901;282;131;151;354;166;188;410;201;209;426;198;228;389;187;202;
2415000;"Powiat wodzisławski";155458;75460;79998;8021;4092;3929;9618;4862;4756;12372;6349;6023;13343;6699;6644;11471;5739;5732;
2415011;"Pszów (1)";14221;6926;7295;748;379;369;901;486;415;1141;565;576;1232;630;602;962;467;495;
2415021;"Radlin (1)";17889;8605;9284;970;490;480;1142;550;592;1388;692;696;1532;738;794;1364;686;678;
2415031;"Rydułtowy (1)";22070;10643;11427;1058;546;512;1307;668;639;1654;823;831;1894;956;938;1655;832;823;
2415041;"Wodzisław Śląski (1)";49949;24083;25866;2430;1234;1196;3017;1479;1538;3952;2062;1890;4182;2082;2100;3618;1811;1807;
2415052;"Godów (2)";12295;5993;6302;682;344;338;772;386;386;1005;531;474;1085;550;535;919;445;474;
2415062;"Gorzyce (2)";19077;9419;9658;1018;508;510;1181;622;559;1560;823;737;1700;882;818;1477;769;708;
2415072;"Lubomia (2)";8003;3926;4077;422;229;193;469;239;230;696;357;339;706;353;353;654;329;325;
2415082;"Marklowice (2)";4995;2428;2567;281;141;140;322;181;141;361;182;179;410;203;207;352;167;185;
2415092;"Mszana (2)";6959;3437;3522;412;221;191;507;251;256;615;314;301;602;305;297;470;233;237;
2416000;"Powiat zawierciański";126788;61317;65471;5737;2845;2892;7056;3628;3428;8450;4377;4073;9903;5155;4748;9524;4911;4613;
2416011;"Poręba (1)";8896;4245;4651;392;181;211;476;224;252;533;270;263;651;360;291;659;337;322;
2416021;"Zawiercie (1)";54559;25831;28728;2307;1143;1164;2735;1408;1327;3427;1747;1680;4242;2209;2033;4319;2176;2143;
2416032;"Irządze (2)";2996;1497;1499;170;92;78;215;106;109;222;124;98;184;93;91;191;107;84;
2416042;"Kroczyce (2)";6032;3025;3007;360;184;176;439;224;215;438;225;213;453;239;214;453;225;228;
2416053;"Łazy (3)";16190;7872;8318;626;308;318;872;454;418;1011;517;494;1315;696;619;1168;627;541;
2416054;"Łazy - miasto (4)";7352;3550;3802;269;130;139;419;222;197;482;253;229;668;344;324;527;269;258;
2416055;"Łazy - obszar wiejski (5)";8838;4322;4516;357;178;179;453;232;221;529;264;265;647;352;295;641;358;283;
2416063;"Ogrodzieniec (3)";9591;4672;4919;426;227;199;508;268;240;649;356;293;767;388;379;734;378;356;
2416064;"Ogrodzieniec - miasto (4)";4489;2136;2353;198;105;93;243;128;115;303;155;148;345;171;174;315;162;153;
2416065;"Ogrodzieniec - obszar wiejski (5)";5102;2536;2566;228;122;106;265;140;125;346;201;145;422;217;205;419;216;203;
2416073;"Pilica (3)";9490;4709;4781;491;264;227;611;300;311;726;377;349;699;366;333;632;329;303;
2416074;"Pilica - miasto (4)";1964;926;1038;83;50;33;117;61;56;165;83;82;155;79;76;108;47;61;
2416075;"Pilica - obszar wiejski (5)";7526;3783;3743;408;214;194;494;239;255;561;294;267;544;287;257;524;282;242;
2416083;"Szczekociny (3)";8804;4374;4430;454;220;234;537;278;259;724;381;343;691;358;333;609;324;285;
2416084;"Szczekociny - miasto (4)";4098;2014;2084;196;95;101;242;123;119;384;204;180;335;177;158;281;148;133;
2416085;"Szczekociny - obszar wiejski (5)";4706;2360;2346;258;125;133;295;155;140;340;177;163;356;181;175;328;176;152;
2416092;"Włodowice (2)";5137;2512;2625;231;105;126;315;174;141;389;199;190;463;232;231;388;208;180;
2416102;"Żarnowiec (2)";5093;2580;2513;280;121;159;348;192;156;331;181;150;438;214;224;371;200;171;
2417000;"Powiat żywiecki";148675;72963;75712;8675;4459;4216;10678;5383;5295;12064;6210;5854;12612;6503;6109;10967;5690;5277;
2417011;"Żywiec (1)";32251;15544;16707;1609;861;748;1981;1018;963;2498;1309;1189;2770;1425;1345;2485;1274;1211;
2417022;"Czernichów (2)";6380;3115;3265;341;178;163;477;234;243;535;260;275;540;271;269;468;242;226;
2417032;"Gilowice (2)";5578;2746;2832;355;170;185;425;197;228;451;244;207;469;257;212;394;203;191;
2417042;"Jeleśnia (2)";13498;6689;6809;783;404;379;1035;526;509;1086;543;543;1045;512;533;960;510;450;
2417052;"Koszarawa (2)";2548;1256;1292;152;82;70;192;102;90;191;86;105;213;105;108;186;101;85;
2417062;"Lipowa (2)";9399;4634;4765;569;282;287;732;363;369;766;390;376;809;426;383;720;370;350;
2417072;"Łękawica (2)";4288;2149;2139;292;152;140;349;167;182;383;193;190;374;206;168;281;153;128;
2417082;"Łodygowice (2)";13055;6379;6676;764;395;369;982;522;460;1094;573;521;1117;544;573;935;487;448;
2417092;"Milówka (2)";9845;4835;5010;616;310;306;746;365;381;852;423;429;879;457;422;718;372;346;
2417102;"Radziechowy-Wieprz (2)";12238;6029;6209;816;414;402;935;477;458;1045;537;508;1064;563;501;894;451;443;
2417112;"Rajcza (2)";9048;4476;4572;481;237;244;622;308;314;719;369;350;766;427;339;674;347;327;
2417122;"Ślemień (2)";3405;1649;1756;212;88;124;246;114;132;289;155;134;258;135;123;250;126;124;
2417132;"Świnna (2)";7821;3835;3986;511;256;255;568;278;290;608;308;300;658;319;339;578;290;288;
2417142;"Ujsoły (2)";4793;2417;2376;275;153;122;341;170;171;349;199;150;377;187;190;352;195;157;
2417152;"Węgierska Górka (2)";14528;7210;7318;899;477;422;1047;542;505;1198;621;577;1273;669;604;1072;569;503;
2461000;"Powiat m.Bielsko-Biała";178611;84540;94071;8061;4172;3889;9540;4824;4716;12139;6223;5916;15298;7805;7493;15141;7691;7450;
2461011;"Bielsko-Biała (1)";178611;84540;94071;8061;4172;3889;9540;4824;4716;12139;6223;5916;15298;7805;7493;15141;7691;7450;
2462000;"Powiat m.Bytom";195807;95257;100550;8859;4562;4297;10776;5575;5201;13319;6801;6518;15766;7961;7805;15526;7731;7795;
2462011;"Bytom (1)";195807;95257;100550;8859;4562;4297;10776;5575;5201;13319;6801;6518;15766;7961;7805;15526;7731;7795;
2463000;"Powiat m.Chorzów";118708;56790;61918;5455;2819;2636;6337;3205;3132;7124;3710;3414;8173;4147;4026;8993;4414;4579;
2463011;"Chorzów (1)";118708;56790;61918;5455;2819;2636;6337;3205;3132;7124;3710;3414;8173;4147;4026;8993;4414;4579;
2464000;"Powiat m.Częstochowa";253133;119631;133502;10475;5371;5104;12691;6447;6244;16173;8320;7853;20913;10598;10315;21802;11105;10697;
2464011;"Częstochowa (1)";253133;119631;133502;10475;5371;5104;12691;6447;6244;16173;8320;7853;20913;10598;10315;21802;11105;10697;
2465000;"Powiat m.Dąbrowa Górnicza";132858;64329;68529;5057;2640;2417;6083;3102;2981;8548;4342;4206;11470;5926;5544;12470;6309;6161;
2465011;"Dąbrowa Górnicza (1)";132858;64329;68529;5057;2640;2417;6083;3102;2981;8548;4342;4206;11470;5926;5544;12470;6309;6161;
2466000;"Powiat m.Gliwice";205092;99474;105618;8342;4348;3994;10573;5412;5161;13596;6959;6637;17890;9012;8878;18558;9684;8874;
2466011;"Gliwice (1)";205092;99474;105618;8342;4348;3994;10573;5412;5161;13596;6959;6637;17890;9012;8878;18558;9684;8874;
2467000;"Powiat m.Jastrzębie-Zdrój";97537;48672;48865;5292;2708;2584;6565;3355;3210;7397;3822;3575;8163;4129;4034;7465;3817;3648;
2467011;"Jastrzębie-Zdrój (1)";97537;48672;48865;5292;2708;2584;6565;3355;3210;7397;3822;3575;8163;4129;4034;7465;3817;3648;
2468000;"Powiat m.Jaworzno";97119;47525;49594;4323;2259;2064;5596;2821;2775;7452;3842;3610;8593;4383;4210;7373;3693;3680;
2468011;"Jaworzno (1)";97119;47525;49594;4323;2259;2064;5596;2821;2775;7452;3842;3610;8593;4383;4210;7373;3693;3680;
2469000;"Powiat m.Katowice";330625;156944;173681;12882;6617;6265;16939;8780;8159;21325;10991;10334;26785;13698;13087;26757;12917;13840;
2469011;"Katowice (1)";330625;156944;173681;12882;6617;6265;16939;8780;8159;21325;10991;10334;26785;13698;13087;26757;12917;13840;
2470000;"Powiat m.Mysłowice";75949;37193;38756;3323;1679;1644;4514;2309;2205;6155;3130;3025;7158;3667;3491;5913;3052;2861;
2470011;"Mysłowice (1)";75949;37193;38756;3323;1679;1644;4514;2309;2205;6155;3130;3025;7158;3667;3491;5913;3052;2861;
2471000;"Powiat m.Piekary Śląskie";61347;29664;31683;2674;1345;1329;3328;1730;1598;4409;2279;2130;5264;2609;2655;4598;2321;2277;
2471011;"Piekary Śląskie (1)";61347;29664;31683;2674;1345;1329;3328;1730;1598;4409;2279;2130;5264;2609;2655;4598;2321;2277;
2472000;"Powiat m.Ruda Śląska";152280;74370;77910;7176;3624;3552;8739;4548;4191;11106;5613;5493;13276;6690;6586;12122;6093;6029;
2472011;"Ruda Śląska (1)";152280;74370;77910;7176;3624;3552;8739;4548;4191;11106;5613;5493;13276;6690;6586;12122;6093;6029;
2473000;"Powiat m.Rybnik";143218;70411;72807;6958;3505;3453;8641;4453;4188;11394;5725;5669;13189;6715;6474;12160;6265;5895;
2473011;"Rybnik (1)";143218;70411;72807;6958;3505;3453;8641;4453;4188;11394;5725;5669;13189;6715;6474;12160;6265;5895;
2474000;"Powiat m.Siemianowice Śląskie";74782;36054;38728;3169;1606;1563;3888;2031;1857;5016;2567;2449;6180;3059;3121;5711;2877;2834;
2474011;"Siemianowice Śląskie (1)";74782;36054;38728;3169;1606;1563;3888;2031;1857;5016;2567;2449;6180;3059;3121;5711;2877;2834;
2475000;"Powiat m.Sosnowiec";234486;112019;122467;8701;4443;4258;10685;5461;5224;14027;7213;6814;18994;9670;9324;21609;10773;10836;
2475011;"Sosnowiec (1)";234486;112019;122467;8701;4443;4258;10685;5461;5224;14027;7213;6814;18994;9670;9324;21609;10773;10836;
2476000;"Powiat m.Świętochłowice";56852;27571;29281;2606;1309;1297;3186;1641;1545;3858;1941;1917;4569;2267;2302;4489;2172;2317;
2476011;"Świętochłowice (1)";56852;27571;29281;2606;1309;1297;3186;1641;1545;3858;1941;1917;4569;2267;2302;4489;2172;2317;
2477000;"Powiat m.Tychy";133463;65249;68214;5501;2836;2665;6882;3532;3350;9609;4869;4740;12985;6764;6221;13295;6786;6509;
2477011;"Tychy (1)";133463;65249;68214;5501;2836;2665;6882;3532;3350;9609;4869;4740;12985;6764;6221;13295;6786;6509;
2478000;"Powiat m.Zabrze";197111;95737;101374;9000;4662;4338;11081;5631;5450;14665;7509;7156;16936;8528;8408;15358;7153;8205;
2478011;"Zabrze (1)";197111;95737;101374;9000;4662;4338;11081;5631;5450;14665;7509;7156;16936;8528;8408;15358;7153;8205;
2479000;"Powiat m.Żory";63533;31677;31856;3274;1669;1605;3557;1810;1747;4581;2299;2282;6722;3438;3284;7359;3766;3593;
2479011;"Żory (1)";63533;31677;31856;3274;1669;1605;3557;1810;1747;4581;2299;2282;6722;3438;3284;7359;3766;3593;
2600000;"ŚWIĘTOKRZYSKIE";1302650;636282;666368;66727;34082;32645;83923;42721;41202;98146;50205;47941;113959;58378;55581;99077;51320;47757;
2601000;"Powiat buski";75410;36895;38515;3768;1930;1838;4630;2387;2243;5304;2644;2660;6332;3337;2995;5308;2752;2556;
2601013;"Busko-Zdrój (3)";32819;15871;16948;1597;839;758;1791;910;881;2345;1129;1216;3171;1704;1467;2415;1222;1193;
2601014;"Busko-Zdrój - miasto (4)";17730;8313;9417;753;370;383;884;437;447;1288;623;665;1880;976;904;1311;663;648;
2601015;"Busko-Zdrój - obszar wiejski (5)";15089;7558;7531;844;469;375;907;473;434;1057;506;551;1291;728;563;1104;559;545;
2601022;"Gnojno (2)";4880;2484;2396;283;136;147;315;174;141;316;168;148;368;189;179;376;208;168;
2601032;"Nowy Korczyn (2)";6603;3216;3387;303;167;136;436;219;217;449;237;212;494;241;253;429;209;220;
2601042;"Pacanów (2)";8175;3970;4205;389;197;192;527;275;252;522;282;240;581;310;271;541;264;277;
2601052;"Solec-Zdrój (2)";5154;2536;2618;280;141;139;353;181;172;372;183;189;370;190;180;331;181;150;
2601062;"Stopnica (2)";7992;3928;4064;388;195;193;554;281;273;585;287;298;645;339;306;525;292;233;
2601072;"Tuczępy (2)";3913;1950;1963;225;113;112;288;158;130;280;140;140;252;126;126;303;154;149;
2601082;"Wiślica (2)";5874;2940;2934;303;142;161;366;189;177;435;218;217;451;238;213;388;222;166;
2602000;"Powiat jędrzejowski";91280;45140;46140;4811;2475;2336;6010;3065;2945;6822;3513;3309;8071;4163;3908;7177;3717;3460;
2602012;"Imielno (2)";4770;2334;2436;254;134;120;317;155;162;354;177;177;401;197;204;325;169;156;
2602023;"Jędrzejów (3)";29766;14491;15275;1477;785;692;1825;924;901;2122;1099;1023;2629;1340;1289;2511;1283;1228;
2602024;"Jędrzejów - miasto (4)";17225;8295;8930;743;393;350;900;463;437;1134;585;549;1582;809;773;1540;790;750;
2602025;"Jędrzejów - obszar wiejski (5)";12541;6196;6345;734;392;342;925;461;464;988;514;474;1047;531;516;971;493;478;
2602033;"Małogoszcz (3)";11717;5909;5808;722;364;358;825;421;404;952;500;452;1086;575;511;1007;520;487;
2602034;"Małogoszcz - miasto (4)";4012;1987;2025;223;113;110;233;100;133;287;148;139;399;221;178;439;221;218;
2602035;"Małogoszcz - obszar wiejski (5)";7705;3922;3783;499;251;248;592;321;271;665;352;313;687;354;333;568;299;269;
2602042;"Nagłowice (2)";5532;2754;2778;295;161;134;387;202;185;425;217;208;492;257;235;364;188;176;
2602052;"Oksa (2)";5015;2497;2518;241;123;118;340;169;171;362;187;175;449;235;214;381;190;191;
2602063;"Sędziszów (3)";13483;6693;6790;684;352;332;820;451;369;1065;533;532;1307;665;642;1076;555;521;
2602064;"Sędziszów - miasto (4)";6902;3438;3464;350;183;167;415;225;190;578;290;288;743;393;350;675;347;328;
2602065;"Sędziszów - obszar wiejski (5)";6581;3255;3326;334;169;165;405;226;179;487;243;244;564;272;292;401;208;193;
2602072;"Słupia (2)";4761;2394;2367;260;134;126;343;156;187;336;166;170;358;197;161;337;193;144;
2602082;"Sobków (2)";8327;4176;4151;472;221;251;610;314;296;611;332;279;758;399;359;663;341;322;
2602092;"Wodzisław (2)";7909;3892;4017;406;201;205;543;273;270;595;302;293;591;298;293;513;278;235;
2603000;"Powiat kazimierski";37143;18279;18864;1809;906;903;2432;1231;1201;2722;1409;1313;3074;1624;1450;2433;1291;1142;
2603012;"Bejsce (2)";4451;2158;2293;210;114;96;292;153;139;320;158;162;339;179;160;299;161;138;
2603022;"Czarnocin (2)";4365;2183;2182;216;104;112;320;161;159;298;170;128;318;172;146;278;155;123;
2603033;"Kazimierza Wielka (3)";17400;8469;8931;827;411;416;1126;542;584;1307;666;641;1554;793;761;1098;578;520;
2603034;"Kazimierza Wielka - miasto (4)";6138;2901;3237;262;131;131;377;173;204;490;241;249;630;324;306;374;187;187;
2603035;"Kazimierza Wielka - obszar wiejski (5)";11262;5568;5694;565;280;285;749;369;380;817;425;392;924;469;455;724;391;333;
2603042;"Opatowiec (2)";3811;1892;1919;174;88;86;229;132;97;274;145;129;265;146;119;271;150;121;
2603053;"Skalbmierz (3)";7116;3577;3539;382;189;193;465;243;222;523;270;253;598;334;264;487;247;240;
2603054;"Skalbmierz - miasto (4)";1381;689;692;63;33;30;83;46;37;92;47;45;148;89;59;94;46;48;
2603055;"Skalbmierz - obszar wiejski (5)";5735;2888;2847;319;156;163;382;197;185;431;223;208;450;245;205;393;201;192;
2604000;"Powiat kielecki";194012;97036;96976;12200;6153;6047;15315;7771;7544;16814;8516;8298;17796;9278;8518;15418;7950;7468;
2604012;"Bieliny (2)";9741;4911;4830;714;379;335;784;413;371;949;479;470;912;465;447;842;438;404;
2604023;"Bodzentyn (3)";11817;5892;5925;726;368;358;884;450;434;999;511;488;1043;554;489;880;480;400;
2604024;"Bodzentyn - miasto (4)";2320;1132;1188;117;66;51;135;66;69;185;99;86;210;108;102;185;102;83;
2604025;"Bodzentyn - obszar wiejski (5)";9497;4760;4737;609;302;307;749;384;365;814;412;402;833;446;387;695;378;317;
2604033;"Chęciny (3)";14588;7178;7410;824;419;405;1011;509;502;1123;572;551;1474;723;751;1261;655;606;
2604034;"Chęciny - miasto (4)";4325;2138;2187;215;112;103;276;124;152;332;181;151;466;235;231;403;233;170;
2604035;"Chęciny - obszar wiejski (5)";10263;5040;5223;609;307;302;735;385;350;791;391;400;1008;488;520;858;422;436;
2604043;"Chmielnik (3)";11569;5816;5753;673;322;351;802;396;406;892;460;432;967;489;478;822;428;394;
2604044;"Chmielnik - miasto (4)";4159;2012;2147;213;89;124;254;136;118;304;157;147;358;178;180;332;157;175;
2604045;"Chmielnik - obszar wiejski (5)";7410;3804;3606;460;233;227;548;260;288;588;303;285;609;311;298;490;271;219;
2604052;"Daleszyce (2)";14104;7024;7080;899;462;437;1161;560;601;1296;670;626;1308;676;632;1200;620;580;
2604062;"Górno (2)";12294;6144;6150;880;426;454;1101;567;534;1207;576;631;1162;595;567;1069;540;529;
2604072;"Łagów (2)";7039;3604;3435;438;231;207;628;338;290;603;315;288;513;278;235;503;267;236;
2604082;"Łopuszno (2)";8974;4514;4460;579;294;285;755;392;363;766;366;400;777;374;403;685;375;310;
2604092;"Masłów (2)";8954;4520;4434;546;287;259;734;382;352;837;442;395;872;463;409;740;372;368;
2604102;"Miedziana Góra (2)";9170;4495;4675;563;273;290;696;351;345;786;377;409;872;448;424;766;386;380;
2604112;"Mniów (2)";9096;4531;4565;655;337;318;702;325;377;812;398;414;888;465;423;695;369;326;
2604122;"Morawica (2)";12205;6167;6038;775;394;381;1032;522;510;1117;572;545;1131;615;516;1033;511;522;
2604132;"Nowa Słupia (2)";9903;4920;4983;537;267;270;715;399;316;852;427;425;813;420;393;730;367;363;
2604142;"Piekoszów (2)";14531;7209;7322;1002;472;530;1144;582;562;1250;629;621;1375;693;682;1204;599;605;
2604152;"Pierzchnica (2)";4783;2400;2383;276;124;152;388;202;186;414;207;207;370;184;186;306;155;151;
2604162;"Raków (2)";6119;3118;3001;362;200;162;497;255;242;489;260;229;444;233;211;392;208;184;
2604172;"Sitkówka-Nowiny (2)";6826;3421;3405;407;203;204;522;269;253;548;285;263;633;319;314;551;297;254;
2604182;"Strawczyn (2)";9571;4838;4733;694;350;344;836;402;434;871;462;409;942;493;449;800;404;396;
2604192;"Zagnańsk (2)";12728;6334;6394;650;345;305;923;457;466;1003;508;495;1300;791;509;939;479;460;
2605000;"Powiat konecki";85869;42347;43522;4432;2280;2152;5491;2779;2712;6443;3379;3064;7156;3635;3521;6128;3315;2813;
2605012;"Fałków (2)";4954;2458;2496;257;115;142;323;159;164;390;204;186;417;220;197;327;192;135;
2605022;"Gowarczów (2)";4895;2447;2448;280;152;128;350;168;182;395;231;164;459;225;234;388;202;186;
2605033;"Końskie (3)";36932;18049;18883;1911;1000;911;2271;1108;1163;2714;1417;1297;3051;1555;1496;2691;1458;1233;
2605034;"Końskie - miasto (4)";21445;10421;11024;1016;547;469;1168;569;599;1496;794;702;1855;958;897;1648;912;736;
2605035;"Końskie - obszar wiejski (5)";15487;7628;7859;895;453;442;1103;539;564;1218;623;595;1196;597;599;1043;546;497;
2605042;"Radoszyce (2)";9245;4662;4583;520;270;250;705;372;333;733;363;370;846;442;404;651;370;281;
2605052;"Ruda Maleniecka (2)";3515;1695;1820;190;80;110;206;109;97;248;117;131;258;126;132;237;134;103;
2605062;"Słupia Konecka (2)";3682;1897;1785;202;93;109;263;138;125;276;135;141;239;119;120;232;125;107;
2605072;"Smyków (2)";3646;1885;1761;229;129;100;270;154;116;316;159;157;289;149;140;301;154;147;
2605083;"Stąporków (3)";19000;9254;9746;843;441;402;1103;571;532;1371;753;618;1597;799;798;1301;680;621;
2605084;"Stąporków - miasto (4)";6266;3003;3263;288;152;136;347;181;166;479;257;222;618;284;334;518;258;260;
2605085;"Stąporków - obszar wiejski (5)";12734;6251;6483;555;289;266;756;390;366;892;496;396;979;515;464;783;422;361;
2606000;"Powiat opatowski";58581;28966;29615;3098;1553;1545;3896;1985;1911;4419;2253;2166;4656;2474;2182;4218;2247;1971;
2606012;"Baćkowice (2)";5322;2705;2617;287;162;125;394;219;175;442;220;222;397;217;180;378;204;174;
2606022;"Iwaniska (2)";7313;3721;3592;450;224;226;553;289;264;598;311;287;606;298;308;492;261;231;
2606032;"Lipnik (2)";5990;2957;3033;310;150;160;436;219;217;481;249;232;453;226;227;431;234;197;
2606043;"Opatów (3)";12864;6152;6712;660;315;345;773;412;361;937;482;455;974;506;468;882;440;442;
2606044;"Opatów - miasto (4)";6979;3267;3712;347;176;171;390;207;183;471;232;239;558;289;269;503;258;245;
2606045;"Opatów - obszar wiejski (5)";5885;2885;3000;313;139;174;383;205;178;466;250;216;416;217;199;379;182;197;
2606053;"Ożarów (3)";11941;5951;5990;606;312;294;724;340;384;898;470;428;1058;584;474;1011;556;455;
2606054;"Ożarów - miasto (4)";5154;2565;2589;227;113;114;327;158;169;393;219;174;597;336;261;536;293;243;
2606055;"Ożarów - obszar wiejski (5)";6787;3386;3401;379;199;180;397;182;215;505;251;254;461;248;213;475;263;212;
2606062;"Sadowie (2)";4476;2207;2269;218;115;103;313;140;173;311;143;168;349;195;154;314;170;144;
2606072;"Tarłów (2)";5980;2925;3055;312;150;162;433;212;221;434;226;208;423;233;190;375;198;177;
2606082;"Wojciechowice (2)";4695;2348;2347;255;125;130;270;154;116;318;152;166;396;215;181;335;184;151;
2607000;"Powiat ostrowiecki";118832;57108;61724;5773;3013;2760;6996;3526;3470;8631;4435;4196;10397;5331;5066;8650;4401;4249;
2607011;"Ostrowiec Świętokrzyski (1)";76429;36269;40160;3505;1821;1684;4145;2020;2125;5527;2843;2684;7040;3597;3443;5846;2896;2950;
2607022;"Bałtów (2)";3985;1988;1997;223;115;108;282;147;135;259;133;126;340;176;164;241;120;121;
2607032;"Bodzechów (2)";13273;6468;6805;683;362;321;907;456;451;955;513;442;982;495;487;864;488;376;
2607043;"Ćmielów (3)";8062;3938;4124;413;218;195;470;258;212;558;289;269;624;325;299;510;271;239;
2607044;"Ćmielów - miasto (4)";3203;1542;1661;155;82;73;164;97;67;217;103;114;274;140;134;204;117;87;
2607045;"Ćmielów - obszar wiejski (5)";4859;2396;2463;258;136;122;306;161;145;341;186;155;350;185;165;306;154;152;
2607053;"Kunów (3)";9979;4909;5070;541;281;260;696;385;311;809;403;406;810;415;395;669;350;319;
2607054;"Kunów - miasto (4)";3119;1555;1564;159;98;61;213;134;79;244;115;129;262;138;124;235;123;112;
2607055;"Kunów - obszar wiejski (5)";6860;3354;3506;382;183;199;483;251;232;565;288;277;548;277;271;434;227;207;
2607062;"Waśniów (2)";7104;3536;3568;408;216;192;496;260;236;523;254;269;601;323;278;520;276;244;
2608000;"Powiat pińczowski";43482;21468;22014;2251;1164;1087;2792;1385;1407;3212;1645;1567;3585;1866;1719;2856;1555;1301;
2608013;"Działoszyce (3)";5925;2962;2963;280;139;141;317;148;169;362;198;164;423;228;195;369;202;167;
2608014;"Działoszyce - miasto (4)";1150;529;621;53;23;30;65;31;34;93;44;49;81;38;43;66;29;37;
2608015;"Działoszyce - obszar wiejski (5)";4775;2433;2342;227;116;111;252;117;135;269;154;115;342;190;152;303;173;130;
2608022;"Kije (2)";4782;2347;2435;244;135;109;316;163;153;359;192;167;350;171;179;325;186;139;
2608032;"Michałów (2)";5027;2494;2533;269;152;117;322;149;173;362;162;200;388;190;198;337;189;148;
2608043;"Pińczów (3)";22620;11169;11451;1218;621;597;1522;784;738;1798;923;875;2032;1093;939;1508;812;696;
2608044;"Pińczów - miasto (4)";12250;6000;6250;638;307;331;755;397;358;1020;532;488;1160;626;534;825;458;367;
2608045;"Pińczów - obszar wiejski (5)";10370;5169;5201;580;314;266;767;387;380;778;391;387;872;467;405;683;354;329;
2608052;"Złota (2)";5128;2496;2632;240;117;123;315;141;174;331;170;161;392;184;208;317;166;151;
2609000;"Powiat sandomierski";83561;40614;42947;4444;2290;2154;5655;2850;2805;6446;3253;3193;7309;3640;3669;6054;3175;2879;
2609011;"Sandomierz (1)";25856;12094;13762;1212;619;593;1657;821;836;1966;1010;956;2638;1238;1400;1938;988;950;
2609022;"Dwikozy (2)";9251;4493;4758;480;261;219;619;336;283;689;344;345;755;396;359;619;321;298;
2609032;"Klimontów (2)";8820;4370;4450;531;244;287;664;332;332;710;352;358;723;372;351;655;358;297;
2609042;"Koprzywnica (2)";7155;3512;3643;393;203;190;488;241;247;607;292;315;559;276;283;488;283;205;
2609052;"Łoniów (2)";7523;3812;3711;443;254;189;583;305;278;605;300;305;590;314;276;590;300;290;
2609062;"Obrazów (2)";6873;3386;3487;387;187;200;479;235;244;489;235;254;553;291;262;502;254;248;
2609072;"Samborzec (2)";9117;4493;4624;496;260;236;578;284;294;700;354;346;764;373;391;645;348;297;
2609082;"Wilczyce (2)";4065;2042;2023;241;135;106;290;147;143;309;163;146;331;163;168;303;153;150;
2609093;"Zawichost (3)";4901;2412;2489;261;127;134;297;149;148;371;203;168;396;217;179;314;170;144;
2609094;"Zawichost - miasto (4)";1945;970;975;96;49;47;114;53;61;163;92;71;202;134;68;105;57;48;
2609095;"Zawichost - obszar wiejski (5)";2956;1442;1514;165;78;87;183;96;87;208;111;97;194;83;111;209;113;96;
2610000;"Powiat skarżyski";81547;39203;42344;3677;1844;1833;4682;2431;2251;5876;3079;2797;7082;3735;3347;5860;3050;2810;
2610011;"Skarżysko-Kamienna (1)";50915;24182;26733;2102;1046;1056;2664;1384;1280;3530;1826;1704;4567;2409;2158;3737;1971;1766;
2610022;"Bliżyn (2)";8784;4289;4495;452;228;224;567;293;274;679;366;313;714;372;342;578;285;293;
2610032;"Łączna (2)";5262;2633;2629;336;160;176;396;204;192;429;225;204;437;252;185;420;210;210;
2610042;"Skarżysko Kościelne (2)";5530;2711;2819;295;152;143;342;170;172;431;235;196;462;228;234;371;182;189;
2610053;"Suchedniów (3)";11056;5388;5668;492;258;234;713;380;333;807;427;380;902;474;428;754;402;352;
2610054;"Suchedniów - miasto (4)";9103;4447;4656;402;212;190;584;309;275;660;348;312;747;403;344;643;340;303;
2610055;"Suchedniów - obszar wiejski (5)";1953;941;1012;90;46;44;129;71;58;147;79;68;155;71;84;111;62;49;
2611000;"Powiat starachowicki";96414;46846;49568;4725;2437;2288;6272;3239;3033;7376;3780;3596;8195;4218;3977;6612;3484;3128;
2611011;"Starachowice (1)";55032;26262;28770;2378;1252;1126;3175;1619;1556;3982;2065;1917;4736;2455;2281;3787;1974;1813;
2611022;"Brody (2)";10818;5308;5510;604;299;305;782;416;366;859;416;443;921;469;452;766;400;366;
2611032;"Mirzec (2)";8409;4186;4223;454;235;219;604;319;285;700;375;325;734;369;365;583;331;252;
2611042;"Pawłów (2)";14886;7531;7355;935;484;451;1240;639;601;1339;670;669;1258;640;618;1021;546;475;
2611053;"Wąchock (3)";7269;3559;3710;354;167;187;471;246;225;496;254;242;546;285;261;455;233;222;
2611054;"Wąchock - miasto (4)";2911;1425;1486;118;54;64;175;89;86;188;94;94;232;129;103;167;83;84;
2611055;"Wąchock - obszar wiejski (5)";4358;2134;2224;236;113;123;296;157;139;308;160;148;314;156;158;288;150;138;
2612000;"Powiat staszowski";75257;37417;37840;4372;2256;2116;5443;2752;2691;6180;3182;2998;6594;3450;3144;5284;2757;2527;
2612012;"Bogoria (2)";8134;4045;4089;508;253;255;624;319;305;662;336;326;642;334;308;571;288;283;
2612022;"Łubnice (2)";4444;2217;2227;250;125;125;330;179;151;331;186;145;300;159;141;279;153;126;
2612032;"Oleśnica (2)";4141;2076;2065;245;132;113;305;168;137;349;190;159;349;175;174;235;125;110;
2612043;"Osiek (3)";8035;4073;3962;505;259;246;611;301;310;566;280;286;646;337;309;644;337;307;
2612044;"Osiek - miasto (4)";1952;989;963;108;62;46;136;60;76;143;69;74;172;102;70;162;86;76;
2612045;"Osiek - obszar wiejski (5)";6083;3084;2999;397;197;200;475;241;234;423;211;212;474;235;239;482;251;231;
2612053;"Połaniec (3)";12111;6077;6034;663;342;321;848;425;423;1293;652;641;1416;770;646;839;420;419;
2612054;"Połaniec - miasto (4)";8683;4349;4334;469;239;230;599;297;302;1023;510;513;1140;632;508;590;285;305;
2612055;"Połaniec - obszar wiejski (5)";3428;1728;1700;194;103;91;249;128;121;270;142;128;276;138;138;249;135;114;
2612062;"Rytwiany (2)";6344;3160;3184;403;221;182;478;242;236;453;240;213;503;260;243;466;243;223;
2612073;"Staszów (3)";27000;13186;13814;1543;796;747;1917;935;982;2093;1065;1028;2296;1179;1117;1960;1026;934;
2612074;"Staszów - miasto (4)";15924;7724;8200;920;480;440;1105;554;551;1211;606;605;1422;737;685;1216;630;586;
2612075;"Staszów - obszar wiejski (5)";11076;5462;5614;623;316;307;812;381;431;882;459;423;874;442;432;744;396;348;
2612082;"Szydłów (2)";5048;2583;2465;255;128;127;330;183;147;433;233;200;442;236;206;290;165;125;
2613000;"Powiat włoszczowski";47793;23622;24171;2565;1307;1258;3463;1768;1695;3707;1876;1831;4108;2043;2065;3447;1821;1626;
2613012;"Kluczewsko (2)";5200;2635;2565;302;143;159;432;229;203;437;224;213;432;225;207;372;204;168;
2613022;"Krasocin (2)";10720;5370;5350;665;348;317;856;451;405;887;425;462;953;482;471;804;422;382;
2613032;"Moskorzew (2)";3060;1532;1528;153;74;79;178;86;92;229;124;105;229;113;116;222;131;91;
2613042;"Radków (2)";2806;1368;1438;129;58;71;180;97;83;186;89;97;199;99;100;166;88;78;
2613052;"Secemin (2)";5404;2671;2733;269;129;140;368;190;178;375;198;177;473;230;243;369;205;164;
2613063;"Włoszczowa (3)";20603;10046;10557;1047;555;492;1449;715;734;1593;816;777;1822;894;928;1514;771;743;
2613064;"Włoszczowa - miasto (4)";10830;5172;5658;509;284;225;704;352;352;833;430;403;1078;526;552;806;388;418;
2613065;"Włoszczowa - obszar wiejski (5)";9773;4874;4899;538;271;267;745;363;382;760;386;374;744;368;376;708;383;325;
2661000;"Powiat m.Kielce";213469;101341;112128;8802;4474;4328;10846;5552;5294;14194;7241;6953;19604;9584;10020;19632;9805;9827;
2661011;"Kielce (1)";213469;101341;112128;8802;4474;4328;10846;5552;5294;14194;7241;6953;19604;9584;10020;19632;9805;9827;
2800000;"WARMIŃSKO-MAZURSKIE";1427508;697860;729648;81008;41317;39691;100615;51450;49165;119658;61176;58482;135892;69751;66141;115539;58854;56685;
2801000;"Powiat bartoszycki";62608;30700;31908;3435;1768;1667;4384;2245;2139;5502;2806;2696;6083;3121;2962;4680;2443;2237;
2801011;"Bartoszyce (1)";25597;12275;13322;1316;686;630;1661;831;830;2178;1121;1057;2504;1290;1214;1887;943;944;
2801021;"Górowo Iławeckie (1)";4714;2275;2439;213;105;108;271;158;113;407;208;199;571;245;326;365;209;156;
2801032;"Bartoszyce (2)";10815;5492;5323;661;327;334;900;465;435;1000;518;482;1002;522;480;876;474;402;
2801043;"Bisztynek (3)";7060;3520;3540;418;218;200;517;285;232;608;313;295;639;352;287;527;262;265;
2801044;"Bisztynek - miasto (4)";2655;1278;1377;140;74;66;177;100;77;241;122;119;253;140;113;214;109;105;
2801045;"Bisztynek - obszar wiejski (5)";4405;2242;2163;278;144;134;340;185;155;367;191;176;386;212;174;313;153;160;
2801052;"Górowo Iławeckie (2)";7558;3781;3777;459;244;215;601;288;313;684;334;350;719;382;337;556;298;258;
2801063;"Sępopol (3)";6864;3357;3507;368;188;180;434;218;216;625;312;313;648;330;318;469;257;212;
2801064;"Sępopol - miasto (4)";2195;1044;1151;116;59;57;111;61;50;191;94;97;210;99;111;132;66;66;
2801065;"Sępopol - obszar wiejski (5)";4669;2313;2356;252;129;123;323;157;166;434;218;216;438;231;207;337;191;146;
2802000;"Powiat braniewski";44446;22025;22421;2759;1370;1389;3417;1693;1724;3969;2024;1945;3987;2034;1953;3248;1670;1578;
2802011;"Braniewo (1)";18240;8865;9375;1135;583;552;1296;632;664;1533;817;716;1664;850;814;1328;660;668;
2802022;"Braniewo (2)";6298;3201;3097;470;244;226;576;308;268;618;310;308;583;298;285;487;259;228;
2802033;"Frombork (3)";3872;1868;2004;215;100;115;305;153;152;369;184;185;369;181;188;255;104;151;
2802034;"Frombork - miasto (4)";2555;1207;1348;124;56;68;190;101;89;251;125;126;256;120;136;159;59;100;
2802035;"Frombork - obszar wiejski (5)";1317;661;656;91;44;47;115;52;63;118;59;59;113;61;52;96;45;51;
2802042;"Lelkowo (2)";3129;1544;1585;183;82;101;292;140;152;302;149;153;223;116;107;192;118;74;
2802053;"Pieniężno (3)";6977;3577;3400;368;182;186;480;230;250;586;281;305;654;336;318;517;294;223;
2802054;"Pieniężno - miasto (4)";3106;1506;1600;138;72;66;211;111;100;305;148;157;346;183;163;228;125;103;
2802055;"Pieniężno - obszar wiejski (5)";3871;2071;1800;230;110;120;269;119;150;281;133;148;308;153;155;289;169;120;
2802062;"Płoskinia (2)";2696;1335;1361;185;90;95;231;107;124;255;120;135;208;111;97;211;100;111;
2802072;"Wilczęta (2)";3234;1635;1599;203;89;114;237;123;114;306;163;143;286;142;144;258;135;123;
2803000;"Powiat działdowski";65808;32187;33621;4198;2089;2109;5037;2563;2474;5710;2938;2772;6143;3125;3018;5088;2596;2492;
2803011;"Działdowo (1)";20663;9935;10728;1151;569;582;1435;730;705;1788;914;874;1976;1019;957;1643;859;784;
2803022;"Działdowo (2)";9589;4757;4832;710;348;362;742;371;371;859;454;405;947;463;484;809;377;432;
2803032;"Iłowo-Osada (2)";7550;3641;3909;519;248;271;591;292;299;657;313;344;620;310;310;586;311;275;
2803043;"Lidzbark (3)";14717;7236;7481;897;464;433;1151;609;542;1260;680;580;1348;687;661;1110;554;556;
2803044;"Lidzbark - miasto (4)";8440;4068;4372;441;219;222;602;302;300;759;403;356;813;424;389;652;331;321;
2803045;"Lidzbark - obszar wiejski (5)";6277;3168;3109;456;245;211;549;307;242;501;277;224;535;263;272;458;223;235;
2803052;"Płośnica (2)";6154;3047;3107;402;202;200;507;263;244;519;254;265;607;310;297;436;225;211;
2803062;"Rybno (2)";7135;3571;3564;519;258;261;611;298;313;627;323;304;645;336;309;504;270;234;
2804000;"Powiat elbląski";56375;27899;28476;3576;1812;1764;4307;2177;2130;4943;2501;2442;5613;2869;2744;4342;2301;2041;
2804012;"Elbląg (2)";6813;3411;3402;431;221;210;582;286;296;621;333;288;692;335;357;551;296;255;
2804022;"Godkowo (2)";3445;1714;1731;187;93;94;245;105;140;292;133;159;323;175;148;254;151;103;
2804032;"Gronowo Elbląskie (2)";4825;2360;2465;322;166;156;369;177;192;417;196;221;470;227;243;408;209;199;
2804042;"Markusy (2)";4040;2031;2009;332;176;156;361;176;185;320;172;148;376;175;201;313;166;147;
2804052;"Milejewo (2)";2932;1463;1469;189;96;93;249;122;127;269;131;138;325;176;149;230;116;114;
2804063;"Młynary (3)";4539;2239;2300;311;139;172;376;192;184;399;187;212;408;207;201;338;179;159;
2804064;"Młynary - miasto (4)";1844;891;953;119;57;62;161;85;76;176;84;92;155;82;73;143;67;76;
2804065;"Młynary - obszar wiejski (5)";2695;1348;1347;192;82;110;215;107;108;223;103;120;253;125;128;195;112;83;
2804073;"Pasłęk (3)";19147;9451;9696;1122;584;538;1377;724;653;1647;861;786;1948;1028;920;1467;764;703;
2804074;"Pasłęk - miasto (4)";12125;5889;6236;646;348;298;764;404;360;1010;520;490;1282;689;593;931;464;467;
2804075;"Pasłęk - obszar wiejski (5)";7022;3562;3460;476;236;240;613;320;293;637;341;296;666;339;327;536;300;236;
2804082;"Rychliki (2)";4095;2039;2056;265;133;132;304;167;137;414;204;210;411;205;206;290;155;135;
2804093;"Tolkmicko (3)";6539;3191;3348;417;204;213;444;228;216;564;284;280;660;341;319;491;265;226;
2804094;"Tolkmicko - miasto (4)";2724;1268;1456;166;74;92;184;100;84;229;105;124;239;111;128;188;95;93;
2804095;"Tolkmicko - obszar wiejski (5)";3815;1923;1892;251;130;121;260;128;132;335;179;156;421;230;191;303;170;133;
2805000;"Powiat ełcki";83665;41287;42378;4927;2582;2345;6381;3342;3039;7757;4015;3742;8669;4487;4182;6662;3425;3237;
2805011;"Ełk (1)";55144;26675;28469;3031;1570;1461;3935;2096;1839;5018;2612;2406;5944;3047;2897;4474;2230;2244;
2805022;"Ełk (2)";9943;5078;4865;673;354;319;838;447;391;917;460;457;908;471;437;740;410;330;
2805032;"Kalinowo (2)";7088;3649;3439;515;273;242;613;307;306;721;372;349;714;388;326;580;298;282;
2805042;"Prostki (2)";7508;3836;3672;467;258;209;644;320;324;787;407;380;752;384;368;566;323;243;
2805052;"Stare Juchy (2)";3982;2049;1933;241;127;114;351;172;179;314;164;150;351;197;154;302;164;138;
2806000;"Powiat giżycki";85295;42099;43196;4571;2273;2298;5987;3113;2874;7104;3590;3514;7629;4007;3622;5945;3140;2805;
2806011;"Giżycko (1)";29753;14213;15540;1516;750;766;1964;1014;950;2299;1164;1135;2693;1424;1269;2052;1031;1021;
2806022;"Banie Mazurskie (2)";4187;2080;2107;232;107;125;341;167;174;377;174;203;281;142;139;244;128;116;
2806032;"Budry (2)";3133;1574;1559;173;93;80;229;118;111;258;127;131;279;143;136;206;113;93;
2806042;"Giżycko (2)";7560;3806;3754;434;216;218;598;314;284;683;356;327;739;373;366;552;291;261;
2806052;"Kruklanki (2)";2963;1516;1447;158;75;83;193;109;84;300;140;160;258;154;104;235;126;109;
2806062;"Miłki (2)";3824;1949;1875;248;124;124;293;160;133;346;175;171;364;191;173;311;175;136;
2806072;"Pozezdrze (2)";3603;1806;1797;181;89;92;251;121;130;323;172;151;321;169;152;256;140;116;
2806083;"Ryn (3)";6190;3116;3074;347;166;181;481;251;230;567;291;276;564;309;255;416;238;178;
2806084;"Ryn - miasto (4)";3105;1535;1570;164;79;85;226;119;107;288;142;146;310;172;138;195;104;91;
2806085;"Ryn - obszar wiejski (5)";3085;1581;1504;183;87;96;255;132;123;279;149;130;254;137;117;221;134;87;
2806093;"Węgorzewo (3)";17385;8669;8716;881;439;442;1116;592;524;1362;690;672;1606;827;779;1170;623;547;
2806094;"Węgorzewo - miasto (4)";11754;5825;5929;589;293;296;725;394;331;884;449;435;1102;568;534;776;402;374;
2806095;"Węgorzewo - obszar wiejski (5)";5631;2844;2787;292;146;146;391;198;193;478;241;237;504;259;245;394;221;173;
2806102;"Wydminy (2)";6697;3370;3327;401;214;187;521;267;254;589;301;288;524;275;249;503;275;228;
2807000;"Powiat iławski";88941;43701;45240;5573;2850;2723;6734;3471;3263;7772;3915;3857;8423;4380;4043;7314;3806;3508;
2807011;"Iława (1)";32560;15595;16965;1625;823;802;2048;1076;972;2623;1333;1290;3098;1551;1547;2756;1380;1376;
2807021;"Lubawa (1)";9198;4493;4705;565;287;278;668;359;309;758;381;377;861;480;381;737;369;368;
2807032;"Iława (2)";11167;5625;5542;860;444;416;997;510;487;1006;507;499;1040;539;501;954;515;439;
2807043;"Kisielice (3)";6194;3111;3083;392;193;199;547;283;264;609;320;289;647;342;305;479;258;221;
2807044;"Kisielice - miasto (4)";2193;1067;1126;118;65;53;186;97;89;221;120;101;229;114;115;163;89;74;
2807045;"Kisielice - obszar wiejski (5)";4001;2044;1957;274;128;146;361;186;175;388;200;188;418;228;190;316;169;147;
2807052;"Lubawa (2)";10066;5051;5015;814;420;394;882;448;434;925;460;465;910;488;422;819;431;388;
2807063;"Susz (3)";12767;6359;6408;851;430;421;1051;521;530;1178;581;597;1292;665;627;1080;588;492;
2807064;"Susz - miasto (4)";5632;2767;2865;313;161;152;407;212;195;463;236;227;584;312;272;481;259;222;
2807065;"Susz - obszar wiejski (5)";7135;3592;3543;538;269;269;644;309;335;715;345;370;708;353;355;599;329;270;
2807073;"Zalewo (3)";6989;3467;3522;466;253;213;541;274;267;673;333;340;575;315;260;489;265;224;
2807074;"Zalewo - miasto (4)";2235;1099;1136;118;65;53;161;95;66;235;119;116;193;99;94;154;82;72;
2807075;"Zalewo - obszar wiejski (5)";4754;2368;2386;348;188;160;380;179;201;438;214;224;382;216;166;335;183;152;
2808000;"Powiat kętrzyński";68279;33516;34763;3446;1825;1621;4671;2402;2269;5921;3067;2854;6669;3504;3165;5052;2665;2387;
2808011;"Kętrzyn (1)";28861;13799;15062;1201;621;580;1691;847;844;2242;1169;1073;2761;1448;1313;2190;1142;1048;
2808022;"Barciany (2)";6845;3448;3397;399;213;186;558;298;260;643;316;327;597;331;266;479;250;229;
2808032;"Kętrzyn (2)";8478;4276;4202;527;274;253;645;325;320;768;399;369;1012;535;477;636;319;317;
2808043;"Korsze (3)";11014;5544;5470;644;351;293;831;428;403;1047;557;490;1011;546;465;844;452;392;
2808044;"Korsze - miasto (4)";4906;2415;2491;242;135;107;308;158;150;422;226;196;444;245;199;384;205;179;
2808045;"Korsze - obszar wiejski (5)";6108;3129;2979;402;216;186;523;270;253;625;331;294;567;301;266;460;247;213;
2808053;"Reszel (3)";8703;4233;4470;419;234;185;610;320;290;794;404;390;882;435;447;570;319;251;
2808054;"Reszel - miasto (4)";5398;2563;2835;226;133;93;374;197;177;518;271;247;583;293;290;343;188;155;
2808055;"Reszel - obszar wiejski (5)";3305;1670;1635;193;101;92;236;123;113;276;133;143;299;142;157;227;131;96;
2808062;"Srokowo (2)";4378;2216;2162;256;132;124;336;184;152;427;222;205;406;209;197;333;183;150;
2809000;"Powiat lidzbarski";43538;21459;22079;2383;1208;1175;3145;1577;1568;3644;1900;1744;3959;2066;1893;3157;1673;1484;
2809011;"Lidzbark Warmiński (1)";16681;7984;8697;779;400;379;1068;552;516;1300;654;646;1500;782;718;1176;620;556;
2809022;"Kiwity (2)";3548;1853;1695;222;119;103;278;144;134;343;201;142;336;173;163;255;144;111;
2809032;"Lidzbark Warmiński (2)";6784;3435;3349;454;231;223;573;279;294;593;299;294;640;343;297;496;271;225;
2809042;"Lubomino (2)";3669;1895;1774;221;118;103;308;158;150;317;170;147;350;187;163;287;142;145;
2809053;"Orneta (3)";12856;6292;6564;707;340;367;918;444;474;1091;576;515;1133;581;552;943;496;447;
2809054;"Orneta - miasto (4)";9440;4545;4895;477;226;251;651;309;342;763;393;370;826;426;400;694;368;326;
2809055;"Orneta - obszar wiejski (5)";3416;1747;1669;230;114;116;267;135;132;328;183;145;307;155;152;249;128;121;
2810000;"Powiat mrągowski";50362;24851;25511;2959;1487;1472;3586;1840;1746;4519;2365;2154;4953;2556;2397;3887;1987;1900;
2810011;"Mrągowo (1)";22084;10728;11356;1142;573;569;1474;770;704;1976;1074;902;2134;1138;996;1576;805;771;
2810023;"Mikołajki (3)";8561;4203;4358;484;256;228;542;265;277;709;351;358;830;420;410;703;360;343;
2810024;"Mikołajki - miasto (4)";3913;1870;2043;192;110;82;218;108;110;305;152;153;363;191;172;297;147;150;
2810025;"Mikołajki - obszar wiejski (5)";4648;2333;2315;292;146;146;324;157;167;404;199;205;467;229;238;406;213;193;
2810032;"Mrągowo (2)";7358;3711;3647;508;250;258;566;285;281;655;341;314;709;354;355;607;307;300;
2810042;"Piecki (2)";7740;3882;3858;513;249;264;650;338;312;758;386;372;814;418;396;611;323;288;
2810052;"Sorkwity (2)";4619;2327;2292;312;159;153;354;182;172;421;213;208;466;226;240;390;192;198;
2811000;"Powiat nidzicki";34056;16936;17120;2124;1090;1034;2602;1313;1289;2951;1485;1466;3235;1714;1521;2641;1428;1213;
2811012;"Janowiec Kościelny (2)";3557;1838;1719;238;130;108;288;149;139;301;143;158;304;165;139;266;144;122;
2811022;"Janowo (2)";2855;1444;1411;180;85;95;189;95;94;237;123;114;287;142;145;203;113;90;
2811032;"Kozłowo (2)";6077;3122;2955;413;222;191;501;253;248;566;274;292;593;320;273;496;288;208;
2811043;"Nidzica (3)";21567;10532;11035;1293;653;640;1624;816;808;1847;945;902;2051;1087;964;1676;883;793;
2811044;"Nidzica - miasto (4)";14967;7171;7796;812;406;406;1084;548;536;1248;624;624;1436;756;680;1137;594;543;
2811045;"Nidzica - obszar wiejski (5)";6600;3361;3239;481;247;234;540;268;272;599;321;278;615;331;284;539;289;250;
2812000;"Powiat nowomiejski";43087;21239;21848;2971;1528;1443;3370;1686;1684;3853;1928;1925;3836;2004;1832;3385;1749;1636;
2812011;"Nowe Miasto Lubawskie (1)";10836;5110;5726;639;336;303;735;367;368;898;446;452;962;505;457;802;388;414;
2812022;"Biskupiec (2)";9659;4817;4842;740;370;370;779;395;384;885;434;451;836;445;391;771;407;364;
2812032;"Grodziczno (2)";6224;3162;3062;453;242;211;508;288;220;602;291;311;528;252;276;478;248;230;
2812042;"Kurzętnik (2)";8570;4258;4312;566;286;280;643;304;339;760;392;368;826;435;391;726;382;344;
2812052;"Nowe Miasto Lubawskie (2)";7798;3892;3906;573;294;279;705;332;373;708;365;343;684;367;317;608;324;284;
2813000;"Powiat olecki";57317;28414;28903;3487;1779;1708;4575;2362;2213;5466;2782;2684;5634;2964;2670;4273;2225;2048;
2813012;"Dubeninki (2)";3298;1653;1645;206;105;101;239;124;115;327;148;179;276;145;131;259;138;121;
2813023;"Gołdap (3)";19673;9710;9963;1212;624;588;1576;822;754;1890;965;925;2008;1038;970;1513;760;753;
2813024;"Gołdap - miasto (4)";13436;6573;6863;752;388;364;996;542;454;1226;627;599;1361;701;660;975;488;487;
2813025;"Gołdap - obszar wiejski (5)";6237;3137;3100;460;236;224;580;280;300;664;338;326;647;337;310;538;272;266;
2813032;"Kowale Oleckie (2)";5514;2841;2673;341;175;166;477;254;223;528;280;248;512;284;228;453;239;214;
2813043;"Olecko (3)";21302;10366;10936;1211;616;595;1592;831;761;1982;1008;974;2139;1090;1049;1548;804;744;
2813044;"Olecko - miasto (4)";16018;7680;8338;810;418;392;1075;560;515;1456;739;717;1631;833;798;1152;598;554;
2813045;"Olecko - obszar wiejski (5)";5284;2686;2598;401;198;203;517;271;246;526;269;257;508;257;251;396;206;190;
2813052;"Świętajno (2)";4037;2070;1967;278;141;137;376;182;194;409;220;189;356;212;144;256;144;112;
2813062;"Wieliczki (2)";3493;1774;1719;239;118;121;315;149;166;330;161;169;343;195;148;244;140;104;
2814000;"Powiat olsztyński";109912;54293;55619;6539;3307;3232;8050;4119;3931;9416;4832;4584;10679;5416;5263;9146;4705;4441;
2814013;"Barczewo (3)";15777;7821;7956;925;467;458;1058;530;528;1286;667;619;1483;752;731;1427;768;659;
2814014;"Barczewo - miasto (4)";7483;3632;3851;390;211;179;446;213;233;527;248;279;644;340;304;682;351;331;
2814015;"Barczewo - obszar wiejski (5)";8294;4189;4105;535;256;279;612;317;295;759;419;340;839;412;427;745;417;328;
2814023;"Biskupiec (3)";19183;9337;9846;1049;530;519;1394;700;694;1654;876;778;1870;932;938;1460;753;707;
2814024;"Biskupiec - miasto (4)";10505;4986;5519;491;253;238;628;319;309;804;428;376;998;506;492;848;433;415;
2814025;"Biskupiec - obszar wiejski (5)";8678;4351;4327;558;277;281;766;381;385;850;448;402;872;426;446;612;320;292;
2814033;"Dobre Miasto (3)";16055;7826;8229;892;472;420;1154;608;546;1303;657;646;1493;734;759;1422;710;712;
2814034;"Dobre Miasto - miasto (4)";10690;5080;5610;548;287;261;699;369;330;809;404;405;986;465;521;975;463;512;
2814035;"Dobre Miasto - obszar wiejski (5)";5365;2746;2619;344;185;159;455;239;216;494;253;241;507;269;238;447;247;200;
2814042;"Dywity (2)";7760;3831;3929;472;216;256;584;291;293;633;330;303;753;371;382;696;369;327;
2814052;"Gietrzwałd (2)";5115;2595;2520;324;153;171;357;176;181;451;234;217;533;282;251;429;229;200;
2814063;"Jeziorany (3)";8265;4007;4258;492;249;243;628;320;308;768;403;365;778;388;390;638;318;320;
2814064;"Jeziorany - miasto (4)";3491;1601;1890;198;96;102;230;117;113;283;153;130;325;159;166;275;130;145;
2814065;"Jeziorany - obszar wiejski (5)";4774;2406;2368;294;153;141;398;203;195;485;250;235;453;229;224;363;188;175;
2814072;"Jonkowo (2)";4889;2486;2403;347;185;162;398;206;192;399;194;205;447;246;201;439;223;216;
2814082;"Kolno (2)";3518;1750;1768;202;93;109;256;123;133;301;151;150;328;165;163;256;138;118;
2814093;"Olsztynek (3)";13469;6635;6834;837;433;404;1034;536;498;1202;623;579;1338;667;671;1037;504;533;
2814094;"Olsztynek - miasto (4)";7552;3660;3892;430;219;211;492;255;237;681;370;311;760;386;374;588;287;301;
2814095;"Olsztynek - obszar wiejski (5)";5917;2975;2942;407;214;193;542;281;261;521;253;268;578;281;297;449;217;232;
2814102;"Purda (2)";6975;3518;3457;458;226;232;531;285;246;640;306;334;760;400;360;536;286;250;
2814112;"Stawiguda (2)";4694;2310;2384;243;123;120;310;155;155;422;201;221;505;268;237;447;222;225;
2814122;"Świątki (2)";4212;2177;2035;298;160;138;346;189;157;357;190;167;391;211;180;359;185;174;
2815000;"Powiat ostródzki";105502;51932;53570;6347;3207;3140;7659;3902;3757;9191;4685;4506;9826;5127;4699;8251;4320;3931;
2815011;"Ostróda (1)";33823;16126;17697;1708;834;874;2096;1043;1053;2651;1310;1341;3157;1604;1553;2660;1367;1293;
2815022;"Dąbrówno (2)";4405;2215;2190;318;144;174;351;183;168;407;215;192;376;197;179;320;171;149;
2815032;"Grunwald (2)";5705;2907;2798;420;209;211;490;241;249;538;287;251;534;292;242;450;255;195;
2815042;"Łukta (2)";4353;2196;2157;307;166;141;407;200;207;419;226;193;404;219;185;319;179;140;
2815052;"Małdyty (2)";6398;3237;3161;427;226;201;489;261;228;580;310;270;576;303;273;499;263;236;
2815063;"Miłakowo (3)";5802;2913;2889;354;210;144;435;211;224;581;290;291;553;299;254;462;238;224;
2815064;"Miłakowo - miasto (4)";2717;1334;1383;151;85;66;191;86;105;288;149;139;238;140;98;190;94;96;
2815065;"Miłakowo - obszar wiejski (5)";3085;1579;1506;203;125;78;244;125;119;293;141;152;315;159;156;272;144;128;
2815073;"Miłomłyn (3)";5007;2462;2545;297;149;148;366;191;175;450;214;236;458;238;220;387;188;199;
2815074;"Miłomłyn - miasto (4)";2247;1080;1167;112;53;59;168;84;84;199;98;101;200;105;95;189;89;100;
2815075;"Miłomłyn - obszar wiejski (5)";2760;1382;1378;185;96;89;198;107;91;251;116;135;258;133;125;198;99;99;
2815083;"Morąg (3)";24817;12213;12604;1500;760;740;1786;907;879;2178;1132;1046;2332;1235;1097;1935;989;946;
2815084;"Morąg - miasto (4)";14458;6952;7506;778;390;388;943;466;477;1201;660;541;1325;675;650;1099;555;544;
2815085;"Morąg - obszar wiejski (5)";10359;5261;5098;722;370;352;843;441;402;977;472;505;1007;560;447;836;434;402;
2815092;"Ostróda (2)";15192;7663;7529;1016;509;507;1239;665;574;1387;701;686;1436;740;696;1219;670;549;
2816000;"Powiat piski";57742;29022;28720;3616;1883;1733;4606;2400;2206;5421;2814;2607;5597;3008;2589;4178;2191;1987;
2816013;"Biała Piska (3)";12335;6303;6032;875;442;433;1067;557;510;1236;667;569;1199;626;573;956;515;441;
2816014;"Biała Piska - miasto (4)";4111;2009;2102;227;110;117;327;165;162;442;239;203;430;216;214;270;136;134;
2816015;"Biała Piska - obszar wiejski (5)";8224;4294;3930;648;332;316;740;392;348;794;428;366;769;410;359;686;379;307;
2816023;"Orzysz (3)";9777;4950;4827;626;341;285;785;401;384;881;450;431;844;465;379;683;356;327;
2816024;"Orzysz - miasto (4)";5911;2917;2994;378;204;174;467;227;240;524;265;259;493;272;221;406;194;212;
2816025;"Orzysz - obszar wiejski (5)";3866;2033;1833;248;137;111;318;174;144;357;185;172;351;193;158;277;162;115;
2816033;"Pisz (3)";26867;13359;13508;1638;855;783;2089;1085;1004;2525;1306;1219;2568;1318;1250;1988;1034;954;
2816034;"Pisz - miasto (4)";19229;9465;9764;1092;561;531;1390;740;650;1728;910;818;1804;911;893;1438;750;688;
2816035;"Pisz - obszar wiejski (5)";7638;3894;3744;546;294;252;699;345;354;797;396;401;764;407;357;550;284;266;
2816043;"Ruciane-Nida (3)";8763;4410;4353;477;245;232;665;357;308;779;391;388;986;599;387;551;286;265;
2816044;"Ruciane-Nida - miasto (4)";5093;2551;2542;227;119;108;344;188;156;439;227;212;664;423;241;329;166;163;
2816045;"Ruciane-Nida - obszar wiejski (5)";3670;1859;1811;250;126;124;321;169;152;340;164;176;322;176;146;222;120;102;
2817000;"Powiat szczycieński";69427;34404;35023;4268;2194;2074;5333;2691;2642;6078;3118;2960;6817;3427;3390;5501;2910;2591;
2817011;"Szczytno (1)";26520;12636;13884;1264;628;636;1652;840;812;2124;1067;1057;2696;1347;1349;2143;1102;1041;
2817022;"Dźwierzuty (2)";6730;3410;3320;485;266;219;578;282;296;590;293;297;649;327;322;540;288;252;
2817032;"Jedwabno (2)";3580;1810;1770;236;126;110;284;143;141;340;173;167;339;181;158;287;154;133;
2817043;"Pasym (3)";5152;2574;2578;325;167;158;427;218;209;446;221;225;473;218;255;411;213;198;
2817044;"Pasym - miasto (4)";2534;1246;1288;117;61;56;190;99;91;243;121;122;253;109;144;223;117;106;
2817045;"Pasym - obszar wiejski (5)";2618;1328;1290;208;106;102;237;119;118;203;100;103;220;109;111;188;96;92;
2817052;"Rozogi (2)";5605;2869;2736;425;232;193;542;269;273;595;309;286;554;275;279;385;222;163;
2817062;"Szczytno (2)";9612;4902;4710;672;355;317;810;371;439;853;457;396;950;509;441;810;420;390;
2817072;"Świętajno (2)";5930;2980;2950;391;187;204;472;241;231;528;285;243;589;299;290;447;243;204;
2817082;"Wielbark (2)";6298;3223;3075;470;233;237;568;327;241;602;313;289;567;271;296;478;268;210;
2861000;"Powiat m.Elbląg";128305;61508;66797;6245;3184;3061;7773;4002;3771;9219;4757;4462;11591;5868;5723;10477;5316;5161;
2861011;"Elbląg (1)";128305;61508;66797;6245;3184;3061;7773;4002;3771;9219;4757;4462;11591;5868;5723;10477;5316;5161;
2862000;"Powiat m.Olsztyn";172843;80388;92455;7584;3881;3703;8998;4552;4446;11222;5654;5568;16549;8074;8475;18312;8304;10008;
2862011;"Olsztyn (1)";172843;80388;92455;7584;3881;3703;8998;4552;4446;11222;5654;5568;16549;8074;8475;18312;8304;10008;
3000000;"WIELKOPOLSKIE";3345316;1623661;1721655;183323;94310;89013;222151;113822;108329;262326;134003;128323;301312;153572;147740;287132;145925;141207;
3001000;"Powiat chodzieski";46469;22726;23743;2739;1397;1342;3244;1676;1568;3662;1863;1799;4305;2258;2047;3971;2009;1962;
3001011;"Chodzież (1)";19792;9336;10456;968;474;494;1187;583;604;1331;672;659;1755;899;856;1697;879;818;
3001022;"Budzyń (2)";8184;4098;4086;549;280;269;632;357;275;746;384;362;798;411;387;737;371;366;
3001032;"Chodzież (2)";5202;2610;2592;316;155;161;382;210;172;487;251;236;476;242;234;417;211;206;
3001043;"Margonin (3)";6156;3146;3010;411;230;181;459;238;221;518;268;250;615;359;256;526;263;263;
3001044;"Margonin - miasto (4)";2900;1448;1452;176;94;82;192;102;90;242;120;122;259;135;124;239;122;117;
3001045;"Margonin - obszar wiejski (5)";3256;1698;1558;235;136;99;267;136;131;276;148;128;356;224;132;287;141;146;
3001053;"Szamocin (3)";7135;3536;3599;495;258;237;584;288;296;580;288;292;661;347;314;594;285;309;
3001054;"Szamocin - miasto (4)";4135;2012;2123;275;142;133;329;157;172;323;152;171;382;209;173;357;166;191;
3001055;"Szamocin - obszar wiejski (5)";3000;1524;1476;220;116;104;255;131;124;257;136;121;279;138;141;237;119;118;
3002000;"Powiat czarnkowsko-trzcianecki";85927;42456;43471;5187;2643;2544;6220;3218;3002;7056;3571;3485;7904;4141;3763;6815;3501;3314;
3002011;"Czarnków (1)";11618;5591;6027;582;294;288;726;378;348;868;442;426;1131;588;543;959;481;478;
3002022;"Czarnków (2)";10714;5414;5300;730;360;370;864;429;435;932;477;455;1185;676;509;786;392;394;
3002032;"Drawsko (2)";5908;2997;2911;381;190;191;445;238;207;459;224;235;492;269;223;491;265;226;
3002043;"Krzyż Wielkopolski (3)";8770;4306;4464;483;235;248;608;323;285;691;344;347;802;410;392;738;389;349;
3002044;"Krzyż Wielkopolski - miasto (4)";6321;3067;3254;332;154;178;399;213;186;479;237;242;604;308;296;562;304;258;
3002045;"Krzyż Wielkopolski - obszar wiejski (5)";2449;1239;1210;151;81;70;209;110;99;212;107;105;198;102;96;176;85;91;
3002052;"Lubasz (2)";6667;3359;3308;458;235;223;572;287;285;554;274;280;513;281;232;549;287;262;
3002062;"Połajewo (2)";6097;3072;3025;418;222;196;500;246;254;512;263;249;503;248;255;504;268;236;
3002073;"Trzcianka (3)";23438;11526;11912;1412;738;674;1670;878;792;1952;984;968;2157;1113;1044;1824;920;904;
3002074;"Trzcianka - miasto (4)";16690;8073;8617;939;505;434;1129;608;521;1356;674;682;1546;794;752;1292;630;662;
3002075;"Trzcianka - obszar wiejski (5)";6748;3453;3295;473;233;240;541;270;271;596;310;286;611;319;292;532;290;242;
3002083;"Wieleń (3)";12715;6191;6524;723;369;354;835;439;396;1088;563;525;1121;556;565;964;499;465;
3002084;"Wieleń - miasto (4)";6095;2837;3258;297;152;145;360;187;173;500;260;240;555;264;291;455;240;215;
3002085;"Wieleń - obszar wiejski (5)";6620;3354;3266;426;217;209;475;252;223;588;303;285;566;292;274;509;259;250;
3003000;"Powiat gnieźnieński";139210;67935;71275;7774;3985;3789;9603;4819;4784;11401;5791;5610;13008;6677;6331;11845;6156;5689;
3003011;"Gniezno (1)";70116;33556;36560;3501;1790;1711;4228;2141;2087;5213;2673;2540;6422;3360;3062;5981;3061;2920;
3003023;"Czerniejewo (3)";6899;3476;3423;390;201;189;489;261;228;591;311;280;674;336;338;573;308;265;
3003024;"Czerniejewo - miasto (4)";2536;1268;1268;136;74;62;183;92;91;219;122;97;259;127;132;205;108;97;
3003025;"Czerniejewo - obszar wiejski (5)";4363;2208;2155;254;127;127;306;169;137;372;189;183;415;209;206;368;200;168;
3003032;"Gniezno (2)";7623;3828;3795;487;243;244;621;308;313;694;356;338;720;373;347;658;345;313;
3003042;"Kiszkowo (2)";5276;2678;2598;326;176;150;421;212;209;466;235;231;522;280;242;450;252;198;
3003053;"Kłecko (3)";7608;3745;3863;447;219;228;642;324;318;734;360;374;742;356;386;673;346;327;
3003054;"Kłecko - miasto (4)";2713;1286;1427;158;75;83;190;97;93;230;105;125;254;119;135;251;120;131;
3003055;"Kłecko - obszar wiejski (5)";4895;2459;2436;289;144;145;452;227;225;504;255;249;488;237;251;422;226;196;
3003062;"Łubowo (2)";5055;2534;2521;307;166;141;400;193;207;462;245;217;472;249;223;438;223;215;
3003072;"Mieleszyn (2)";3953;1923;2030;265;128;137;339;159;180;391;187;204;403;189;214;338;174;164;
3003082;"Niechanowo (2)";5179;2575;2604;406;216;190;405;197;208;476;223;253;484;252;232;489;251;238;
3003093;"Trzemeszno (3)";14016;6941;7075;845;434;411;1042;529;513;1119;563;556;1335;677;658;1178;644;534;
3003094;"Trzemeszno - miasto (4)";7825;3802;4023;442;235;207;540;277;263;627;319;308;750;376;374;650;348;302;
3003095;"Trzemeszno - obszar wiejski (5)";6191;3139;3052;403;199;204;502;252;250;492;244;248;585;301;284;528;296;232;
3003103;"Witkowo (3)";13485;6679;6806;800;412;388;1016;495;521;1255;638;617;1234;605;629;1067;552;515;
3003104;"Witkowo - miasto (4)";7924;3905;4019;423;223;200;586;284;302;716;374;342;717;340;377;598;313;285;
3003105;"Witkowo - obszar wiejski (5)";5561;2774;2787;377;189;188;430;211;219;539;264;275;517;265;252;469;239;230;
3004000;"Powiat gostyński";75485;37050;38435;4360;2300;2060;5765;2896;2869;6803;3502;3301;6949;3537;3412;5822;2994;2828;
3004013;"Borek Wielkopolski (3)";7738;3815;3923;483;258;225;610;299;311;685;336;349;650;340;310;567;282;285;
3004014;"Borek Wielkopolski - miasto (4)";2436;1186;1250;153;86;67;199;96;103;207;101;106;198;96;102;193;98;95;
3004015;"Borek Wielkopolski - obszar wiejski (5)";5302;2629;2673;330;172;158;411;203;208;478;235;243;452;244;208;374;184;190;
3004023;"Gostyń (3)";27834;13533;14301;1545;819;726;1945;975;970;2491;1299;1192;2650;1312;1338;2199;1152;1047;
3004024;"Gostyń - miasto (4)";20661;9930;10731;1082;575;507;1362;684;678;1781;926;855;2012;985;1027;1603;828;775;
3004025;"Gostyń - obszar wiejski (5)";7173;3603;3570;463;244;219;583;291;292;710;373;337;638;327;311;596;324;272;
3004033;"Krobia (3)";12735;6265;6470;716;407;309;1017;510;507;1140;599;541;1203;631;572;953;462;491;
3004034;"Krobia - miasto (4)";3877;1895;1982;180;96;84;279;138;141;359;199;160;369;186;183;298;144;154;
3004035;"Krobia - obszar wiejski (5)";8858;4370;4488;536;311;225;738;372;366;781;400;381;834;445;389;655;318;337;
3004042;"Pępowo (2)";5995;3026;2969;380;202;178;476;255;221;531;287;244;556;296;260;469;253;216;
3004052;"Piaski (2)";8171;4050;4121;502;244;258;670;341;329;746;375;371;733;387;346;636;322;314;
3004063;"Pogorzela (3)";5154;2542;2612;304;142;162;464;239;225;492;260;232;460;220;240;392;205;187;
3004064;"Pogorzela - miasto (4)";1956;955;1001;112;53;59;158;84;74;188;92;96;167;75;92;150;81;69;
3004065;"Pogorzela - obszar wiejski (5)";3198;1587;1611;192;89;103;306;155;151;304;168;136;293;145;148;242;124;118;
3004073;"Poniec (3)";7858;3819;4039;430;228;202;583;277;306;718;346;372;697;351;346;606;318;288;
3004074;"Poniec - miasto (4)";2881;1365;1516;130;70;60;212;103;109;219;104;115;259;129;130;226;116;110;
3004075;"Poniec - obszar wiejski (5)";4977;2454;2523;300;158;142;371;174;197;499;242;257;438;222;216;380;202;178;
3005000;"Powiat grodziski";48753;24211;24542;3188;1626;1562;3838;1913;1925;4451;2267;2184;4689;2469;2220;3913;2009;1904;
3005012;"Granowo (2)";4813;2400;2413;316;155;161;394;198;196;433;230;203;446;227;219;386;193;193;
3005023;"Grodzisk Wielkopolski (3)";18322;9013;9309;1128;578;550;1313;650;663;1642;854;788;1761;938;823;1443;732;711;
3005024;"Grodzisk Wielkopolski - miasto (4)";13424;6533;6891;755;392;363;928;469;459;1176;607;569;1280;682;598;1064;541;523;
3005025;"Grodzisk Wielkopolski - obszar wiejski (5)";4898;2480;2418;373;186;187;385;181;204;466;247;219;481;256;225;379;191;188;
3005032;"Kamieniec (2)";6509;3240;3269;417;211;206;514;248;266;608;291;317;630;329;301;500;255;245;
3005043;"Rakoniewice (3)";12298;6136;6162;858;438;420;1047;522;525;1131;558;573;1148;610;538;1034;545;489;
3005044;"Rakoniewice - miasto (4)";3170;1556;1614;196;102;94;261;137;124;277;127;150;302;166;136;279;155;124;
3005045;"Rakoniewice - obszar wiejski (5)";9128;4580;4548;662;336;326;786;385;401;854;431;423;846;444;402;755;390;365;
3005053;"Wielichowo (3)";6811;3422;3389;469;244;225;570;295;275;637;334;303;704;365;339;550;284;266;
3005054;"Wielichowo - miasto (4)";1766;861;905;129;64;65;144;75;69;172;94;78;170;92;78;118;58;60;
3005055;"Wielichowo - obszar wiejski (5)";5045;2561;2484;340;180;160;426;220;206;465;240;225;534;273;261;432;226;206;
3006000;"Powiat jarociński";70160;34149;36011;4083;2129;1954;4804;2431;2373;6104;3111;2993;6465;3264;3201;5383;2742;2641;
3006012;"Jaraczewo (2)";8367;4085;4282;527;256;271;637;325;312;802;382;420;767;398;369;638;318;320;
3006023;"Jarocin (3)";44179;21337;22842;2380;1240;1140;2829;1418;1411;3690;1910;1780;4053;2068;1985;3442;1756;1686;
3006024;"Jarocin - miasto (4)";25818;12349;13469;1235;653;582;1484;741;743;2133;1080;1053;2461;1256;1205;2003;1029;974;
3006025;"Jarocin - obszar wiejski (5)";18361;8988;9373;1145;587;558;1345;677;668;1557;830;727;1592;812;780;1439;727;712;
3006032;"Kotlin (2)";7054;3478;3576;442;225;217;558;287;271;651;318;333;686;364;322;524;271;253;
3006043;"Żerków (3)";10560;5249;5311;734;408;326;780;401;379;961;501;460;959;434;525;779;397;382;
3006044;"Żerków - miasto (4)";2103;1022;1081;141;69;72;135;73;62;187;96;91;203;98;105;139;80;59;
3006045;"Żerków - obszar wiejski (5)";8457;4227;4230;593;339;254;645;328;317;774;405;369;756;336;420;640;317;323;
3007000;"Powiat kaliski";79695;39239;40456;4722;2391;2331;5826;3006;2820;6668;3348;3320;6661;3432;3229;6109;3178;2931;
3007012;"Blizanów (2)";9256;4514;4742;553;265;288;704;346;358;788;380;408;763;389;374;755;399;356;
3007022;"Brzeziny (2)";5853;2920;2933;375;191;184;431;223;208;463;238;225;488;247;241;433;224;209;
3007032;"Ceków-Kolonia (2)";4605;2285;2320;258;126;132;307;171;136;393;182;211;397;205;192;375;213;162;
3007042;"Godziesze Wielkie (2)";8022;4013;4009;496;265;231;621;321;300;711;364;347;633;354;279;603;314;289;
3007052;"Koźminek (2)";7513;3755;3758;480;245;235;593;306;287;644;329;315;633;330;303;589;318;271;
3007062;"Lisków (2)";5532;2687;2845;313;154;159;399;211;188;447;237;210;501;251;250;416;209;207;
3007072;"Mycielin (2)";4988;2477;2511;308;167;141;383;167;216;445;233;212;396;218;178;354;178;176;
3007082;"Opatówek (2)";9737;4800;4937;542;282;260;675;366;309;748;391;357;829;417;412;713;373;340;
3007093;"Stawiszyn (3)";7269;3505;3764;407;203;204;468;242;226;584;288;296;599;294;305;609;312;297;
3007094;"Stawiszyn - miasto (4)";1643;774;869;96;53;43;94;52;42;114;54;60;137;65;72;148;70;78;
3007095;"Stawiszyn - obszar wiejski (5)";5626;2731;2895;311;150;161;374;190;184;470;234;236;462;229;233;461;242;219;
3007102;"Szczytniki (2)";8081;4015;4066;481;241;240;609;328;281;627;306;321;678;350;328;595;305;290;
3007112;"Żelazków (2)";8839;4268;4571;509;252;257;636;325;311;818;400;418;744;377;367;667;333;334;
3008000;"Powiat kępiński";54884;26987;27897;3311;1693;1618;4043;2039;2004;4584;2308;2276;4994;2596;2398;4321;2210;2111;
3008012;"Baranów (2)";7213;3597;3616;449;220;229;569;292;277;648;316;332;736;380;356;518;290;228;
3008022;"Bralin (2)";5496;2730;2766;357;176;181;416;210;206;471;241;230;460;242;218;433;213;220;
3008033;"Kępno (3)";24319;11682;12637;1374;726;648;1682;827;855;1894;962;932;2174;1097;1077;1916;948;968;
3008034;"Kępno - miasto (4)";14781;6963;7818;768;413;355;973;458;515;1103;566;537;1318;665;653;1182;589;593;
3008035;"Kępno - obszar wiejski (5)";9538;4719;4819;606;313;293;709;369;340;791;396;395;856;432;424;734;359;375;
3008042;"Łęka Opatowska (2)";5107;2581;2526;331;153;178;409;209;200;420;213;207;493;271;222;426;225;201;
3008052;"Perzów (2)";3930;1987;1943;252;130;122;315;158;157;337;184;153;334;181;153;321;168;153;
3008062;"Rychtal (2)";4071;2065;2006;249;124;125;290;166;124;407;200;207;390;222;168;324;169;155;
3008072;"Trzcinica (2)";4748;2345;2403;299;164;135;362;177;185;407;192;215;407;203;204;383;197;186;
3009000;"Powiat kolski";89728;43848;45880;5146;2620;2526;6387;3312;3075;7092;3624;3468;7623;3888;3735;6620;3473;3147;
3009011;"Koło (1)";23630;11155;12475;1226;632;594;1464;749;715;1760;882;878;2183;1101;1082;1937;990;947;
3009022;"Babiak (2)";8072;3998;4074;530;274;256;667;344;323;723;353;370;621;310;311;544;298;246;
3009032;"Chodów (2)";3662;1814;1848;202;100;102;286;156;130;271;143;128;279;154;125;200;107;93;
3009043;"Dąbie (3)";6940;3416;3524;337;180;157;527;273;254;543;270;273;557;293;264;513;296;217;
3009044;"Dąbie - miasto (4)";2182;1027;1155;108;50;58;175;87;88;160;84;76;174;98;76;161;85;76;
3009045;"Dąbie - obszar wiejski (5)";4758;2389;2369;229;130;99;352;186;166;383;186;197;383;195;188;352;211;141;
3009052;"Grzegorzew (2)";5550;2726;2824;360;171;189;437;224;213;457;221;236;406;217;189;374;206;168;
3009063;"Kłodawa (3)";13361;6549;6812;740;371;369;890;483;407;1038;557;481;1041;526;515;959;496;463;
3009064;"Kłodawa - miasto (4)";6796;3284;3512;347;167;180;447;245;202;551;304;247;553;264;289;447;238;209;
3009065;"Kłodawa - obszar wiejski (5)";6565;3265;3300;393;204;189;443;238;205;487;253;234;488;262;226;512;258;254;
3009072;"Koło (2)";6666;3337;3329;416;212;204;497;257;240;561;281;280;558;299;259;466;235;231;
3009082;"Kościelec (2)";6683;3304;3379;369;206;163;484;253;231;533;275;258;788;359;429;505;261;244;
3009092;"Olszówka (2)";4916;2454;2462;282;133;149;368;193;175;399;215;184;378;200;178;339;178;161;
3009102;"Osiek Mały (2)";5781;2875;2906;422;209;213;449;214;235;461;248;213;493;262;231;507;264;243;
3009113;"Przedecz (3)";4467;2220;2247;262;132;130;318;166;152;346;179;167;319;167;152;276;142;134;
3009114;"Przedecz - miasto (4)";1807;889;918;101;59;42;119;68;51;141;67;74;136;71;65;87;45;42;
3009115;"Przedecz - obszar wiejski (5)";2660;1331;1329;161;73;88;199;98;101;205;112;93;183;96;87;189;97;92;
3010000;"Powiat koniński";120524;59734;60790;8021;4121;3900;9877;4981;4896;10208;5237;4971;10534;5432;5102;9589;4989;4600;
3010013;"Golina (3)";11093;5502;5591;685;373;312;915;470;445;972;503;469;994;531;463;836;422;414;
3010014;"Golina - miasto (4)";4345;2118;2227;262;141;121;339;168;171;392;204;188;418;217;201;334;160;174;
3010015;"Golina - obszar wiejski (5)";6748;3384;3364;423;232;191;576;302;274;580;299;281;576;314;262;502;262;240;
3010022;"Grodziec (2)";5314;2656;2658;353;172;181;457;238;219;459;238;221;411;206;205;398;212;186;
3010032;"Kazimierz Biskupi (2)";9743;4870;4873;643;324;319;798;413;385;877;455;422;858;452;406;792;417;375;
3010043;"Kleczew (3)";9652;4724;4928;650;334;316;823;400;423;848;406;442;819;413;406;729;353;376;
3010044;"Kleczew - miasto (4)";4067;1951;2116;264;139;125;361;173;188;405;201;204;350;163;187;267;131;136;
3010045;"Kleczew - obszar wiejski (5)";5585;2773;2812;386;195;191;462;227;235;443;205;238;469;250;219;462;222;240;
3010052;"Kramsk (2)";9854;4855;4999;706;369;337;807;379;428;751;385;366;847;416;431;774;404;370;
3010062;"Krzymów (2)";6780;3302;3478;484;253;231;584;287;297;578;279;299;550;285;265;562;274;288;
3010073;"Rychwał (3)";8374;4119;4255;576;295;281;668;321;347;701;348;353;735;385;350;710;374;336;
3010074;"Rychwał - miasto (4)";2337;1136;1201;148;76;72;156;72;84;227;121;106;219;118;101;206;94;112;
3010075;"Rychwał - obszar wiejski (5)";6037;2983;3054;428;219;209;512;249;263;474;227;247;516;267;249;504;280;224;
3010082;"Rzgów (2)";6735;3313;3422;470;238;232;550;276;274;576;285;291;601;293;308;524;286;238;
3010092;"Skulsk (2)";6098;3065;3033;387;200;187;473;244;229;491;250;241;508;274;234;510;268;242;
3010103;"Sompolno (3)";10505;5147;5358;659;332;327;817;403;414;929;485;444;949;496;453;826;416;410;
3010104;"Sompolno - miasto (4)";3631;1731;1900;209;110;99;291;140;151;343;181;162;324;157;167;266;128;138;
3010105;"Sompolno - obszar wiejski (5)";6874;3416;3458;450;222;228;526;263;263;586;304;282;625;339;286;560;288;272;
3010112;"Stare Miasto (2)";9325;4670;4655;625;326;299;777;429;348;822;435;387;876;452;424;713;354;359;
3010123;"Ślesin (3)";12995;6470;6525;815;420;395;1048;531;517;1018;542;476;1111;589;522;1078;580;498;
3010124;"Ślesin - miasto (4)";3043;1473;1570;155;83;72;204;109;95;255;133;122;279;143;136;245;142;103;
3010125;"Ślesin - obszar wiejski (5)";9952;4997;4955;660;337;323;844;422;422;763;409;354;832;446;386;833;438;395;
3010132;"Wierzbinek (2)";7708;3855;3853;520;258;262;646;328;318;673;344;329;680;346;334;627;349;278;
3010142;"Wilczyn (2)";6348;3186;3162;448;227;221;514;262;252;513;282;231;595;294;301;510;280;230;
3011000;"Powiat kościański";77330;37739;39591;4420;2320;2100;5559;2872;2687;6407;3272;3135;6964;3615;3349;6217;3089;3128;
3011011;"Kościan (1)";24230;11540;12690;1230;648;582;1491;810;681;1820;927;893;2127;1100;1027;1942;917;1025;
3011023;"Czempiń (3)";11279;5496;5783;679;349;330;762;366;396;919;449;470;1050;545;505;855;430;425;
3011024;"Czempiń - miasto (4)";5073;2406;2667;292;145;147;318;142;176;374;181;193;466;241;225;401;197;204;
3011025;"Czempiń - obszar wiejski (5)";6206;3090;3116;387;204;183;444;224;220;545;268;277;584;304;280;454;233;221;
3011032;"Kościan (2)";14583;7256;7327;859;466;393;1206;618;588;1363;721;642;1274;663;611;1141;593;548;
3011043;"Krzywiń (3)";9858;4886;4972;589;300;289;800;404;396;860;445;415;884;473;411;787;392;395;
3011044;"Krzywiń - miasto (4)";1505;711;794;84;42;42;114;54;60;154;76;78;149;81;68;93;44;49;
3011045;"Krzywiń - obszar wiejski (5)";8353;4175;4178;505;258;247;686;350;336;706;369;337;735;392;343;694;348;346;
3011053;"Śmigiel (3)";17380;8561;8819;1063;557;506;1300;674;626;1445;730;715;1629;834;795;1492;757;735;
3011054;"Śmigiel - miasto (4)";5382;2629;2753;286;159;127;363;192;171;423;217;206;471;246;225;425;221;204;
3011055;"Śmigiel - obszar wiejski (5)";11998;5932;6066;777;398;379;937;482;455;1022;513;509;1158;588;570;1067;536;531;
3012000;"Powiat krotoszyński";76965;37605;39360;4662;2384;2278;5630;2848;2782;6615;3391;3224;6992;3590;3402;5883;2996;2887;
3012011;"Sulmierzyce (1)";2738;1349;1389;185;95;90;206;100;106;251;120;131;285;153;132;217;105;112;
3012023;"Kobylin (3)";8048;4000;4048;538;304;234;613;323;290;748;380;368;755;370;385;581;289;292;
3012024;"Kobylin - miasto (4)";2955;1422;1533;192;105;87;241;122;119;278;134;144;248;119;129;182;94;88;
3012025;"Kobylin - obszar wiejski (5)";5093;2578;2515;346;199;147;372;201;171;470;246;224;507;251;256;399;195;204;
3012033;"Koźmin Wielkopolski (3)";13878;6792;7086;831;429;402;998;500;498;1165;611;554;1248;644;604;1083;553;530;
3012034;"Koźmin Wielkopolski - miasto (4)";6799;3274;3525;369;195;174;421;223;198;536;265;271;596;316;280;495;261;234;
3012035;"Koźmin Wielkopolski - obszar wiejski (5)";7079;3518;3561;462;234;228;577;277;300;629;346;283;652;328;324;588;292;296;
3012043;"Krotoszyn (3)";40221;19410;20811;2332;1176;1156;2858;1460;1398;3321;1693;1628;3560;1808;1752;3014;1513;1501;
3012044;"Krotoszyn - miasto (4)";29235;13946;15289;1627;821;806;1999;1007;992;2362;1179;1183;2583;1343;1240;2118;1063;1055;
3012045;"Krotoszyn - obszar wiejski (5)";10986;5464;5522;705;355;350;859;453;406;959;514;445;977;465;512;896;450;446;
3012052;"Rozdrażew (2)";5188;2592;2596;382;176;206;423;222;201;502;254;248;459;243;216;416;218;198;
3012063;"Zduny (3)";6892;3462;3430;394;204;190;532;243;289;628;333;295;685;372;313;572;318;254;
3012064;"Zduny - miasto (4)";4445;2203;2242;246;130;116;327;151;176;398;208;190;418;217;201;364;203;161;
3012065;"Zduny - obszar wiejski (5)";2447;1259;1188;148;74;74;205;92;113;230;125;105;267;155;112;208;115;93;
3013000;"Powiat leszczyński";48227;23922;24305;3076;1592;1484;3684;1973;1711;4314;2220;2094;4534;2307;2227;4088;2045;2043;
3013012;"Krzemieniewo (2)";8455;4216;4239;522;290;232;604;314;290;754;388;366;844;450;394;687;341;346;
3013022;"Lipno (2)";5356;2671;2685;375;184;191;466;263;203;461;238;223;450;235;215;458;237;221;
3013033;"Osieczna (3)";8324;4101;4223;496;265;231;577;298;279;710;358;352;746;362;384;723;360;363;
3013034;"Osieczna - miasto (4)";1911;913;998;104;52;52;119;55;64;144;73;71;153;74;79;148;75;73;
3013035;"Osieczna - obszar wiejski (5)";6413;3188;3225;392;213;179;458;243;215;566;285;281;593;288;305;575;285;290;
3013043;"Rydzyna (3)";7701;3820;3881;466;252;214;582;320;262;677;376;301;772;395;377;696;332;364;
3013044;"Rydzyna - miasto (4)";2341;1157;1184;133;84;49;179;105;74;229;130;99;214;109;105;239;116;123;
3013045;"Rydzyna - obszar wiejski (5)";5360;2663;2697;333;168;165;403;215;188;448;246;202;558;286;272;457;216;241;
3013052;"Święciechowa (2)";6815;3344;3471;393;190;203;550;308;242;610;318;292;652;301;351;556;295;261;
3013062;"Wijewo (2)";3374;1725;1649;277;142;135;275;140;135;350;175;175;301;170;131;286;142;144;
3013072;"Włoszakowice (2)";8202;4045;4157;547;269;278;630;330;300;752;367;385;769;394;375;682;338;344;
3014000;"Powiat międzychodzki";36150;17710;18440;2201;1126;1075;2572;1282;1290;3113;1593;1520;3229;1689;1540;2963;1502;1461;
3014012;"Chrzypsko Wielkie (2)";3274;1569;1705;215;104;111;240;101;139;317;147;170;263;149;114;234;122;112;
3014022;"Kwilcz (2)";6148;3031;3117;406;208;198;446;213;233;572;296;276;584;293;291;548;283;265;
3014033;"Międzychód (3)";18174;8925;9249;1060;539;521;1269;650;619;1531;775;756;1592;838;754;1479;749;730;
3014034;"Międzychód - miasto (4)";10954;5265;5689;638;330;308;718;367;351;863;453;410;952;513;439;896;431;465;
3014035;"Międzychód - obszar wiejski (5)";7220;3660;3560;422;209;213;551;283;268;668;322;346;640;325;315;583;318;265;
3014043;"Sieraków (3)";8554;4185;4369;520;275;245;617;318;299;693;375;318;790;409;381;702;348;354;
3014044;"Sieraków - miasto (4)";5929;2870;3059;336;173;163;408;214;194;466;260;206;563;290;273;467;232;235;
3014045;"Sieraków - obszar wiejski (5)";2625;1315;1310;184;102;82;209;104;105;227;115;112;227;119;108;235;116;119;
3015000;"Powiat nowotomyski";71102;34663;36439;4242;2164;2078;4992;2596;2396;6123;3139;2984;6809;3338;3471;5979;3064;2915;
3015012;"Kuślin (2)";5580;2763;2817;362;204;158;396;203;193;527;277;250;650;283;367;416;217;199;
3015023;"Lwówek (3)";9137;4506;4631;588;318;270;693;359;334;800;420;380;799;403;396;691;347;344;
3015024;"Lwówek - miasto (4)";2913;1382;1531;167;91;76;182;99;83;217;116;101;241;109;132;208;107;101;
3015025;"Lwówek - obszar wiejski (5)";6224;3124;3100;421;227;194;511;260;251;583;304;279;558;294;264;483;240;243;
3015032;"Miedzichowo (2)";3849;1898;1951;234;124;110;269;137;132;346;172;174;370;181;189;338;172;166;
3015043;"Nowy Tomyśl (3)";23677;11415;12262;1360;671;689;1640;877;763;1958;1000;958;2236;1089;1147;2147;1094;1053;
3015044;"Nowy Tomyśl - miasto (4)";15421;7282;8139;762;382;380;990;519;471;1254;662;592;1456;707;749;1392;713;679;
3015045;"Nowy Tomyśl - obszar wiejski (5)";8256;4133;4123;598;289;309;650;358;292;704;338;366;780;382;398;755;381;374;
3015053;"Opalenica (3)";15567;7660;7907;894;478;416;1079;556;523;1330;687;643;1491;756;735;1262;650;612;
3015054;"Opalenica - miasto (4)";9110;4444;4666;466;259;207;574;300;274;795;415;380;883;462;421;739;381;358;
3015055;"Opalenica - obszar wiejski (5)";6457;3216;3241;428;219;209;505;256;249;535;272;263;608;294;314;523;269;254;
3015063;"Zbąszyń (3)";13292;6421;6871;804;369;435;915;464;451;1162;583;579;1263;626;637;1125;584;541;
3015064;"Zbąszyń - miasto (4)";7257;3478;3779;387;194;193;463;241;222;636;325;311;718;353;365;598;308;290;
3015065;"Zbąszyń - obszar wiejski (5)";6035;2943;3092;417;175;242;452;223;229;526;258;268;545;273;272;527;276;251;
3016000;"Powiat obornicki";55213;27257;27956;3374;1693;1681;3863;2041;1822;4615;2332;2283;5363;2757;2606;4815;2524;2291;
3016013;"Oborniki (3)";30915;15187;15728;1793;879;914;2113;1126;987;2546;1307;1239;2977;1539;1438;2724;1424;1300;
3016014;"Oborniki - miasto (4)";17789;8551;9238;941;465;476;1133;580;553;1424;702;722;1664;854;810;1520;771;749;
3016015;"Oborniki - obszar wiejski (5)";13126;6636;6490;852;414;438;980;546;434;1122;605;517;1313;685;628;1204;653;551;
3016023;"Rogoźno (3)";17276;8584;8692;1089;555;534;1219;629;590;1456;712;744;1699;871;828;1527;793;734;
3016024;"Rogoźno - miasto (4)";10888;5321;5567;638;337;301;751;387;364;893;437;456;1097;551;546;933;466;467;
3016025;"Rogoźno - obszar wiejski (5)";6388;3263;3125;451;218;233;468;242;226;563;275;288;602;320;282;594;327;267;
3016032;"Ryczywół (2)";7022;3486;3536;492;259;233;531;286;245;613;313;300;687;347;340;564;307;257;
3017000;"Powiat ostrowski";158223;77233;80990;8565;4396;4169;11113;5617;5496;13134;6834;6300;14025;7155;6870;12449;6336;6113;
3017011;"Ostrów Wielkopolski (1)";73675;35268;38407;3350;1707;1643;4400;2240;2160;5664;2952;2712;6576;3417;3159;5779;2900;2879;
3017023;"Nowe Skalmierzyce (3)";15153;7457;7696;851;452;399;1118;558;560;1390;721;669;1332;644;688;1211;614;597;
3017024;"Nowe Skalmierzyce - miasto (4)";5161;2473;2688;259;146;113;295;150;145;457;240;217;425;198;227;456;229;227;
3017025;"Nowe Skalmierzyce - obszar wiejski (5)";9992;4984;5008;592;306;286;823;408;415;933;481;452;907;446;461;755;385;370;
3017033;"Odolanów (3)";13620;6819;6801;873;470;403;1175;572;603;1203;626;577;1215;639;576;1027;541;486;
3017034;"Odolanów - miasto (4)";4885;2401;2484;283;155;128;379;180;199;445;230;215;474;249;225;391;205;186;
3017035;"Odolanów - obszar wiejski (5)";8735;4418;4317;590;315;275;796;392;404;758;396;362;741;390;351;636;336;300;
3017042;"Ostrów Wielkopolski (2)";17444;8600;8844;1079;539;540;1396;698;698;1515;777;738;1476;741;735;1336;699;637;
3017052;"Przygodzice (2)";11024;5449;5575;671;325;346;856;419;437;973;501;472;910;455;455;857;435;422;
3017063;"Raszków (3)";11127;5532;5595;727;388;339;853;454;399;949;485;464;1067;520;547;922;474;448;
3017064;"Raszków - miasto (4)";2025;978;1047;111;49;62;158;88;70;231;123;108;201;97;104;167;77;90;
3017065;"Raszków - obszar wiejski (5)";9102;4554;4548;616;339;277;695;366;329;718;362;356;866;423;443;755;397;358;
3017072;"Sieroszewice (2)";9656;4820;4836;573;288;285;760;398;362;840;440;400;847;436;411;749;391;358;
3017082;"Sośnie (2)";6524;3288;3236;441;227;214;555;278;277;600;332;268;602;303;299;568;282;286;
3018000;"Powiat ostrzeszowski";54154;26672;27482;3276;1639;1637;4045;2067;1978;4601;2347;2254;4722;2448;2274;4189;2146;2043;
3018012;"Czajków (2)";2644;1321;1323;183;98;85;241;106;135;208;104;104;186;109;77;173;91;82;
3018022;"Doruchów (2)";5114;2567;2547;348;178;170;425;213;212;470;245;225;455;233;222;391;201;190;
3018033;"Grabów nad Prosną (3)";7839;3847;3992;476;215;261;574;305;269;701;366;335;676;340;336;554;286;268;
3018034;"Grabów nad Prosną - miasto (4)";2035;992;1043;108;47;61;135;75;60;182;104;78;171;89;82;159;79;80;
3018035;"Grabów nad Prosną - obszar wiejski (5)";5804;2855;2949;368;168;200;439;230;209;519;262;257;505;251;254;395;207;188;
3018042;"Kobyla Góra (2)";5778;2955;2823;356;192;164;512;267;245;479;239;240;496;254;242;461;235;226;
3018052;"Kraszewice (2)";3711;1858;1853;241;115;126;298;153;145;279;151;128;324;163;161;281;147;134;
3018063;"Mikstat (3)";6279;3105;3174;365;184;181;484;256;228;567;287;280;525;267;258;485;246;239;
3018064;"Mikstat - miasto (4)";1890;897;993;103;54;49;134;63;71;185;98;87;182;87;95;141;79;62;
3018065;"Mikstat - obszar wiejski (5)";4389;2208;2181;262;130;132;350;193;157;382;189;193;343;180;163;344;167;177;
3018073;"Ostrzeszów (3)";22789;11019;11770;1307;657;650;1511;767;744;1897;955;942;2060;1082;978;1844;940;904;
3018074;"Ostrzeszów - miasto (4)";14552;6927;7625;748;383;365;861;450;411;1207;595;612;1386;722;664;1180;608;572;
3018075;"Ostrzeszów - obszar wiejski (5)";8237;4092;4145;559;274;285;650;317;333;690;360;330;674;360;314;664;332;332;
3019000;"Powiat pilski";136381;66666;69715;7753;3987;3766;9603;4943;4660;11194;5751;5443;13207;6717;6490;11251;5807;5444;
3019011;"Piła (1)";74900;35920;38980;3755;1911;1844;4691;2391;2300;5621;2890;2731;7174;3566;3608;6427;3311;3116;
3019022;"Białośliwie (2)";4820;2413;2407;312;153;159;412;210;202;430;216;214;451;245;206;376;203;173;
3019032;"Kaczory (2)";7309;3663;3646;455;221;234;601;289;312;689;360;329;710;390;320;589;302;287;
3019043;"Łobżenica (3)";10015;5140;4875;653;360;293;759;401;358;929;456;473;1007;563;444;759;409;350;
3019044;"Łobżenica - miasto (4)";3306;1654;1652;170;97;73;231;122;109;299;146;153;391;251;140;231;125;106;
3019045;"Łobżenica - obszar wiejski (5)";6709;3486;3223;483;263;220;528;279;249;630;310;320;616;312;304;528;284;244;
3019052;"Miasteczko Krajeńskie (2)";3200;1612;1588;199;112;87;263;138;125;267;155;112;314;172;142;252;130;122;
3019062;"Szydłowo (2)";7154;3578;3576;494;252;242;554;291;263;683;350;333;794;382;412;568;293;275;
3019073;"Ujście (3)";7926;3937;3989;469;253;216;590;321;269;677;326;351;731;386;345;602;287;315;
3019074;"Ujście - miasto (4)";3771;1851;1920;214;112;102;263;139;124;295;158;137;309;169;140;291;133;158;
3019075;"Ujście - obszar wiejski (5)";4155;2086;2069;255;141;114;327;182;145;382;168;214;422;217;205;311;154;157;
3019083;"Wyrzysk (3)";14042;6830;7212;938;474;464;1123;569;554;1200;614;586;1294;653;641;1107;552;555;
3019084;"Wyrzysk - miasto (4)";5275;2535;2740;338;173;165;385;194;191;430;221;209;491;251;240;403;204;199;
3019085;"Wyrzysk - obszar wiejski (5)";8767;4295;4472;600;301;299;738;375;363;770;393;377;803;402;401;704;348;356;
3019093;"Wysoka (3)";7015;3573;3442;478;251;227;610;333;277;698;384;314;732;360;372;571;320;251;
3019094;"Wysoka - miasto (4)";2751;1352;1399;166;87;79;223;118;105;260;144;116;297;145;152;218;119;99;
3019095;"Wysoka - obszar wiejski (5)";4264;2221;2043;312;164;148;387;215;172;438;240;198;435;215;220;353;201;152;
3020000;"Powiat pleszewski";61814;30453;31361;3588;1902;1686;4491;2343;2148;5001;2579;2422;5622;2851;2771;5161;2679;2482;
3020012;"Chocz (2)";4840;2374;2466;337;189;148;380;190;190;421;212;209;379;185;194;382;187;195;
3020022;"Czermin (2)";4837;2507;2330;306;170;136;337;182;155;418;230;188;465;250;215;415;230;185;
3020032;"Dobrzyca (2)";8152;3986;4166;485;260;225;594;317;277;687;351;336;714;369;345;661;340;321;
3020042;"Gizałki (2)";4598;2262;2336;317;163;154;369;173;196;385;196;189;431;211;220;428;210;218;
3020052;"Gołuchów (2)";9611;4764;4847;618;309;309;803;402;401;805;418;387;846;453;393;718;369;349;
3020063;"Pleszew (3)";29776;14560;15216;1525;811;714;2008;1079;929;2285;1172;1113;2787;1383;1404;2557;1343;1214;
3020064;"Pleszew - miasto (4)";18231;8742;9489;837;454;383;1190;608;582;1345;685;660;1572;770;802;1516;793;723;
3020065;"Pleszew - obszar wiejski (5)";11545;5818;5727;688;357;331;818;471;347;940;487;453;1215;613;602;1041;550;491;
3021000;"Powiat poznański";260518;127452;133066;14925;7701;7224;17867;9120;8747;21385;11040;10345;23823;12252;11571;21455;10804;10651;
3021011;"Luboń (1)";23589;11275;12314;1338;685;653;1463;729;734;1634;885;749;1784;905;879;1897;917;980;
3021021;"Puszczykowo (1)";8983;4297;4686;411;221;190;502;254;248;644;319;325;766;405;361;722;380;342;
3021033;"Buk (3)";11622;5644;5978;725;363;362;857;409;448;987;511;476;1027;556;471;1035;509;526;
3021034;"Buk - miasto (4)";6209;2937;3272;363;178;185;421;191;230;475;243;232;497;259;238;562;277;285;
3021035;"Buk - obszar wiejski (5)";5413;2707;2706;362;185;177;436;218;218;512;268;244;530;297;233;473;232;241;
3021042;"Czerwonak (2)";21522;10546;10976;1208;626;582;1377;676;701;1899;1001;898;2285;1159;1126;1804;904;900;
3021052;"Dopiewo (2)";10702;5309;5393;657;347;310;748;375;373;859;452;407;974;507;467;869;451;418;
3021062;"Kleszczewo (2)";4689;2308;2381;338;175;163;372;193;179;370;185;185;433;217;216;406;194;212;
3021072;"Komorniki (2)";11677;5719;5958;687;359;328;787;382;405;890;450;440;1066;552;514;941;481;460;
3021083;"Kostrzyn (3)";15139;7453;7686;873;407;466;1098;592;506;1265;650;615;1441;739;702;1255;653;602;
3021084;"Kostrzyn - miasto (4)";8313;4017;4296;473;216;257;567;310;257;653;323;330;807;403;404;656;332;324;
3021085;"Kostrzyn - obszar wiejski (5)";6826;3436;3390;400;191;209;531;282;249;612;327;285;634;336;298;599;321;278;
3021093;"Kórnik (3)";14955;7420;7535;872;480;392;1048;518;530;1249;673;576;1325;673;652;1184;623;561;
3021094;"Kórnik - miasto (4)";6266;3020;3246;330;179;151;425;206;219;491;266;225;522;252;270;523;254;269;
3021095;"Kórnik - obszar wiejski (5)";8689;4400;4289;542;301;241;623;312;311;758;407;351;803;421;382;661;369;292;
3021103;"Mosina (3)";23570;11546;12024;1296;670;626;1531;811;720;1811;920;891;2107;1081;1026;2054;1064;990;
3021104;"Mosina - miasto (4)";11969;5800;6169;612;327;285;668;362;306;868;439;429;1094;568;526;1068;547;521;
3021105;"Mosina - obszar wiejski (5)";11601;5746;5855;684;343;341;863;449;414;943;481;462;1013;513;500;986;517;469;
3021113;"Murowana Goślina (3)";15107;7475;7632;897;475;422;1199;607;592;1582;812;770;1547;797;750;1073;522;551;
3021114;"Murowana Goślina - miasto (4)";9856;4829;5027;541;283;258;763;389;374;1145;582;563;1065;538;527;622;297;325;
3021115;"Murowana Goślina - obszar wiejski (5)";5251;2646;2605;356;192;164;436;218;218;437;230;207;482;259;223;451;225;226;
3021123;"Pobiedziska (3)";15038;7402;7636;860;427;433;1187;642;545;1317;669;648;1394;700;694;1196;592;604;
3021124;"Pobiedziska - miasto (4)";7903;3808;4095;417;211;206;559;290;269;632;317;315;735;357;378;628;313;315;
3021125;"Pobiedziska - obszar wiejski (5)";7135;3594;3541;443;216;227;628;352;276;685;352;333;659;343;316;568;279;289;
3021132;"Rokietnica (2)";7729;3764;3965;487;252;235;503;262;241;630;325;305;739;375;364;658;304;354;
3021143;"Stęszew (3)";13414;6618;6796;797;419;378;981;538;443;1129;570;559;1139;602;537;1092;530;562;
3021144;"Stęszew - miasto (4)";5086;2468;2618;263;140;123;352;200;152;393;189;204;468;239;229;432;209;223;
3021145;"Stęszew - obszar wiejski (5)";8328;4150;4178;534;279;255;629;338;291;736;381;355;671;363;308;660;321;339;
3021152;"Suchy Las (2)";10129;4991;5138;571;310;261;647;304;343;752;402;350;940;478;462;912;454;458;
3021163;"Swarzędz (3)";36513;17739;18774;2008;1028;980;2465;1261;1204;3147;1573;1574;3304;1675;1629;2996;1543;1453;
3021164;"Swarzędz - miasto (4)";27906;13442;14464;1518;773;745;1865;943;922;2345;1148;1197;2476;1250;1226;2279;1152;1127;
3021165;"Swarzędz - obszar wiejski (5)";8607;4297;4310;490;255;235;600;318;282;802;425;377;828;425;403;717;391;326;
3021172;"Tarnowo Podgórne (2)";16140;7946;8194;900;457;443;1102;567;535;1220;643;577;1552;831;721;1361;683;678;
3022000;"Powiat rawicki";58784;28825;29959;3368;1772;1596;4180;2116;2064;4850;2502;2348;5195;2605;2590;4872;2525;2347;
3022013;"Bojanowo (3)";8882;4400;4482;542;283;259;664;341;323;723;361;362;840;418;422;688;373;315;
3022014;"Bojanowo - miasto (4)";2981;1412;1569;153;76;77;201;102;99;206;108;98;290;138;152;202;111;91;
3022015;"Bojanowo - obszar wiejski (5)";5901;2988;2913;389;207;182;463;239;224;517;253;264;550;280;270;486;262;224;
3022023;"Jutrosin (3)";7047;3521;3526;479;248;231;542;264;278;711;358;353;625;322;303;576;312;264;
3022024;"Jutrosin - miasto (4)";1852;892;960;121;67;54;121;56;65;191;89;102;161;85;76;143;70;73;
3022025;"Jutrosin - obszar wiejski (5)";5195;2629;2566;358;181;177;421;208;213;520;269;251;464;237;227;433;242;191;
3022033;"Miejska Górka (3)";9197;4593;4604;532;291;241;707;369;338;718;389;329;819;409;410;785;403;382;
3022034;"Miejska Górka - miasto (4)";3073;1496;1577;157;81;76;238;117;121;221;130;91;274;134;140;252;125;127;
3022035;"Miejska Górka - obszar wiejski (5)";6124;3097;3027;375;210;165;469;252;217;497;259;238;545;275;270;533;278;255;
3022042;"Pakosław (2)";4536;2344;2192;320;180;140;351;186;165;394;219;175;400;209;191;394;197;197;
3022053;"Rawicz (3)";29122;13967;15155;1495;770;725;1916;956;960;2304;1175;1129;2511;1247;1264;2429;1240;1189;
3022054;"Rawicz - miasto (4)";21464;10174;11290;972;502;470;1357;670;687;1666;858;808;1848;955;893;1757;893;864;
3022055;"Rawicz - obszar wiejski (5)";7658;3793;3865;523;268;255;559;286;273;638;317;321;663;292;371;672;347;325;
3023000;"Powiat słupecki";58572;29079;29493;3472;1857;1615;4238;2204;2034;4898;2527;2371;5285;2690;2595;4709;2438;2271;
3023011;"Słupca (1)";14381;6954;7427;704;371;333;836;432;404;1155;629;526;1422;716;706;1264;632;632;
3023022;"Lądek (2)";5745;2894;2851;352;195;157;443;224;219;428;232;196;483;256;227;447;230;217;
3023032;"Orchowo (2)";3980;1990;1990;249;121;128;318;174;144;358;164;194;386;188;198;321;178;143;
3023042;"Ostrowite (2)";5137;2627;2510;337;192;145;392;215;177;455;241;214;482;243;239;388;215;173;
3023052;"Powidz (2)";2047;1025;1022;102;54;48;146;80;66;156;92;64;183;97;86;148;76;72;
3023062;"Słupca (2)";8791;4392;4399;568;288;280;690;362;328;748;381;367;679;361;318;659;338;321;
3023072;"Strzałkowo (2)";9402;4703;4699;578;308;270;740;375;365;788;387;401;825;436;389;761;392;369;
3023083;"Zagórów (3)";9089;4494;4595;582;328;254;673;342;331;810;401;409;825;393;432;721;377;344;
3023084;"Zagórów - miasto (4)";2941;1413;1528;153;93;60;207;106;101;274;140;134;280;124;156;235;121;114;
3023085;"Zagórów - obszar wiejski (5)";6148;3081;3067;429;235;194;466;236;230;536;261;275;545;269;276;486;256;230;
3024000;"Powiat szamotulski";84962;41524;43438;4739;2477;2262;5659;2904;2755;6874;3515;3359;8106;4148;3958;7239;3750;3489;
3024011;"Obrzycko (1)";2227;1105;1122;136;76;60;160;87;73;163;93;70;205;107;98;208;110;98;
3024022;"Duszniki (2)";8074;4034;4040;518;273;245;542;288;254;686;358;328;761;387;374;660;356;304;
3024032;"Kaźmierz (2)";6859;3370;3489;444;227;217;471;239;232;599;296;303;668;345;323;550;286;264;
3024042;"Obrzycko (2)";4169;2083;2086;287;142;145;267;136;131;372;201;171;393;194;199;340;190;150;
3024053;"Ostroróg (3)";4786;2397;2389;285;148;137;350;187;163;368;185;183;469;247;222;431;237;194;
3024054;"Ostroróg - miasto (4)";1950;940;1010;109;56;53;121;61;60;159;76;83;189;91;98;179;90;89;
3024055;"Ostroróg - obszar wiejski (5)";2836;1457;1379;176;92;84;229;126;103;209;109;100;280;156;124;252;147;105;
3024063;"Pniewy (3)";11734;5652;6082;663;363;300;872;437;435;1077;550;527;1146;558;588;999;484;515;
3024064;"Pniewy - miasto (4)";7157;3356;3801;370;207;163;487;246;241;650;337;313;721;328;393;607;272;335;
3024065;"Pniewy - obszar wiejski (5)";4577;2296;2281;293;156;137;385;191;194;427;213;214;425;230;195;392;212;180;
3024073;"Szamotuły (3)";28425;13650;14775;1421;725;696;1841;965;876;2219;1131;1088;2642;1341;1301;2434;1233;1201;
3024074;"Szamotuły - miasto (4)";18809;8916;9893;860;443;417;1152;595;557;1377;702;675;1710;873;837;1584;791;793;
3024075;"Szamotuły - obszar wiejski (5)";9616;4734;4882;561;282;279;689;370;319;842;429;413;932;468;464;850;442;408;
3024083;"Wronki (3)";18688;9233;9455;985;523;462;1156;565;591;1390;701;689;1822;969;853;1617;854;763;
3024084;"Wronki - miasto (4)";11749;5778;5971;564;291;273;657;326;331;829;420;409;1183;658;525;1063;562;501;
3024085;"Wronki - obszar wiejski (5)";6939;3455;3484;421;232;189;499;239;260;561;281;280;639;311;328;554;292;262;
3025000;"Powiat średzki";54143;26539;27604;3142;1633;1509;3909;2006;1903;4502;2279;2223;5017;2549;2468;4483;2282;2201;
3025012;"Dominowo (2)";2870;1403;1467;190;100;90;229;108;121;235;121;114;293;124;169;242;132;110;
3025022;"Krzykosy (2)";6379;3145;3234;428;224;204;496;239;257;536;265;271;545;279;266;536;272;264;
3025032;"Nowe Miasto nad Wartą (2)";8952;4458;4494;592;312;280;709;345;364;774;398;376;831;425;406;676;349;327;
3025043;"Środa Wielkopolska (3)";29864;14580;15284;1610;846;764;1995;1069;926;2395;1244;1151;2773;1398;1375;2522;1277;1245;
3025044;"Środa Wielkopolska - miasto (4)";21523;10395;11128;1133;608;525;1357;722;635;1673;872;801;1958;976;982;1804;908;896;
3025045;"Środa Wielkopolska - obszar wiejski (5)";8341;4185;4156;477;238;239;638;347;291;722;372;350;815;422;393;718;369;349;
3025052;"Zaniemyśl (2)";6078;2953;3125;322;151;171;480;245;235;562;251;311;575;323;252;507;252;255;
3026000;"Powiat śremski";57910;28455;29455;3466;1763;1703;4214;2181;2033;5014;2579;2435;5293;2725;2568;4944;2538;2406;
3026012;"Brodnica (2)";4776;2397;2379;322;162;160;359;193;166;448;227;221;456;247;209;400;200;200;
3026023;"Dolsk (3)";5690;2876;2814;374;184;190;436;240;196;539;282;257;489;246;243;455;244;211;
3026024;"Dolsk - miasto (4)";1463;746;717;114;63;51;99;50;49;114;69;45;108;60;48;95;50;45;
3026025;"Dolsk - obszar wiejski (5)";4227;2130;2097;260;121;139;337;190;147;425;213;212;381;186;195;360;194;166;
3026033;"Książ Wielkopolski (3)";8333;4157;4176;552;281;271;664;340;324;773;401;372;830;432;398;684;332;352;
3026034;"Książ Wielkopolski - miasto (4)";2663;1299;1364;160;81;79;199;100;99;259;142;117;282;138;144;228;108;120;
3026035;"Książ Wielkopolski - obszar wiejski (5)";5670;2858;2812;392;200;192;465;240;225;514;259;255;548;294;254;456;224;232;
3026043;"Śrem (3)";39111;19025;20086;2218;1136;1082;2755;1408;1347;3254;1669;1585;3518;1800;1718;3405;1762;1643;
3026044;"Śrem - miasto (4)";30242;14534;15708;1641;838;803;2053;1063;990;2432;1234;1198;2690;1362;1328;2683;1388;1295;
3026045;"Śrem - obszar wiejski (5)";8869;4491;4378;577;298;279;702;345;357;822;435;387;828;438;390;722;374;348;
3027000;"Powiat turecki";83784;40864;42920;4891;2428;2463;6211;3193;3018;7066;3560;3506;7563;3886;3677;6250;3221;3029;
3027011;"Turek (1)";29993;14239;15754;1456;728;728;1926;968;958;2442;1219;1223;2838;1447;1391;2296;1140;1156;
3027022;"Brudzew (2)";6195;3036;3159;406;204;202;494;254;240;525;259;266;508;253;255;486;243;243;
3027033;"Dobra (3)";6454;3145;3309;361;169;192;462;233;229;490;252;238;538;267;271;419;243;176;
3027034;"Dobra - miasto (4)";1573;764;809;84;41;43;121;61;60;122;64;58;160;78;82;102;61;41;
3027035;"Dobra - obszar wiejski (5)";4881;2381;2500;277;128;149;341;172;169;368;188;180;378;189;189;317;182;135;
3027042;"Kawęczyn (2)";5354;2678;2676;334;161;173;424;214;210;409;213;196;481;249;232;397;210;187;
3027052;"Malanów (2)";6465;3254;3211;478;235;243;538;284;254;541;293;248;526;300;226;501;257;244;
3027062;"Przykona (2)";4110;2033;2077;241;123;118;324;170;154;374;186;188;308;155;153;291;149;142;
3027073;"Tuliszków (3)";10458;5143;5315;617;309;308;825;430;395;975;481;494;1029;513;516;781;429;352;
3027074;"Tuliszków - miasto (4)";3378;1619;1759;170;86;84;245;120;125;333;154;179;361;175;186;229;136;93;
3027075;"Tuliszków - obszar wiejski (5)";7080;3524;3556;447;223;224;580;310;270;642;327;315;668;338;330;552;293;259;
3027082;"Turek (2)";7076;3546;3530;480;262;218;593;318;275;582;287;295;638;333;305;493;245;248;
3027092;"Władysławów (2)";7679;3790;3889;518;237;281;625;322;303;728;370;358;697;369;328;586;305;281;
3028000;"Powiat wągrowiecki";66799;33105;33694;4088;2116;1972;4839;2535;2304;5973;3034;2939;6428;3278;3150;5245;2721;2524;
3028011;"Wągrowiec (1)";24312;11761;12551;1310;678;632;1544;802;742;1995;1030;965;2241;1127;1114;1920;978;942;
3028022;"Damasławek (2)";5534;2719;2815;328;163;165;391;193;198;499;237;262;547;275;272;457;242;215;
3028033;"Gołańcz (3)";8584;4321;4263;585;315;270;674;373;301;821;411;410;911;453;458;635;340;295;
3028034;"Gołańcz - miasto (4)";3476;1692;1784;232;119;113;251;131;120;286;147;139;409;190;219;294;157;137;
3028035;"Gołańcz - obszar wiejski (5)";5108;2629;2479;353;196;157;423;242;181;535;264;271;502;263;239;341;183;158;
3028042;"Mieścisko (2)";5813;2937;2876;397;192;205;474;245;229;523;276;247;537;276;261;458;238;220;
3028053;"Skoki (3)";8433;4225;4208;517;257;260;642;318;324;836;442;394;828;441;387;677;348;329;
3028054;"Skoki - miasto (4)";3630;1746;1884;193;93;100;254;128;126;360;186;174;351;176;175;314;155;159;
3028055;"Skoki - obszar wiejski (5)";4803;2479;2324;324;164;160;388;190;198;476;256;220;477;265;212;363;193;170;
3028062;"Wapno (2)";3117;1547;1570;185;92;93;225;121;104;285;145;140;316;166;150;205;101;104;
3028072;"Wągrowiec (2)";11006;5595;5411;766;419;347;889;483;406;1014;493;521;1048;540;508;893;474;419;
3029000;"Powiat wolsztyński";53727;26519;27208;3370;1775;1595;4067;2107;1960;4650;2337;2313;5048;2582;2466;4453;2348;2105;
3029012;"Przemęt (2)";13259;6661;6598;842;434;408;1065;553;512;1264;652;612;1193;603;590;1100;610;490;
3029022;"Siedlec (2)";11754;5769;5985;771;408;363;974;491;483;1029;492;537;1106;537;569;966;499;467;
3029033;"Wolsztyn (3)";28714;14089;14625;1757;933;824;2028;1063;965;2357;1193;1164;2749;1442;1307;2387;1239;1148;
3029034;"Wolsztyn - miasto (4)";13751;6511;7240;711;396;315;861;440;421;1088;556;532;1276;640;636;1165;592;573;
3029035;"Wolsztyn - obszar wiejski (5)";14963;7578;7385;1046;537;509;1167;623;544;1269;637;632;1473;802;671;1222;647;575;
3030000;"Powiat wrzesiński";73222;35800;37422;4160;2119;2041;4947;2486;2461;6104;3180;2924;6884;3456;3428;6027;3190;2837;
3030012;"Kołaczkowo (2)";6175;3089;3086;393;202;191;520;259;261;600;312;288;587;290;297;520;272;248;
3030023;"Miłosław (3)";10340;5094;5246;554;278;276;730;355;375;866;462;404;987;508;479;857;456;401;
3030024;"Miłosław - miasto (4)";3579;1726;1853;185;94;91;234;108;126;322;163;159;333;173;160;285;155;130;
3030025;"Miłosław - obszar wiejski (5)";6761;3368;3393;369;184;185;496;247;249;544;299;245;654;335;319;572;301;271;
3030033;"Nekla (3)";6450;3206;3244;412;190;222;483;251;232;565;281;284;587;301;286;590;328;262;
3030034;"Nekla - miasto (4)";3142;1573;1569;190;96;94;207;108;99;278;137;141;288;151;137;306;166;140;
3030035;"Nekla - obszar wiejski (5)";3308;1633;1675;222;94;128;276;143;133;287;144;143;299;150;149;284;162;122;
3030043;"Pyzdry (3)";7259;3546;3713;451;226;225;503;239;264;622;314;308;681;340;341;567;311;256;
3030044;"Pyzdry - miasto (4)";3167;1527;1640;182;95;87;215;103;112;282;144;138;288;148;140;261;135;126;
3030045;"Pyzdry - obszar wiejski (5)";4092;2019;2073;269;131;138;288;136;152;340;170;170;393;192;201;306;176;130;
3030053;"Września (3)";42998;20865;22133;2350;1223;1127;2711;1382;1329;3451;1811;1640;4042;2017;2025;3493;1823;1670;
3030054;"Września - miasto (4)";28601;13676;14925;1459;765;694;1670;839;831;2217;1167;1050;2658;1323;1335;2321;1228;1093;
3030055;"Września - obszar wiejski (5)";14397;7189;7208;891;458;433;1041;543;498;1234;644;590;1384;694;690;1172;595;577;
3031000;"Powiat złotowski";68419;33977;34442;4267;2192;2075;5141;2625;2516;6227;3129;3098;6652;3451;3201;5492;2866;2626;
3031011;"Złotów (1)";18354;8806;9548;1050;518;532;1236;641;595;1504;755;749;1801;913;888;1556;774;782;
3031023;"Jastrowie (3)";11601;5702;5899;700;351;349;910;462;448;993;505;488;1169;614;555;910;460;450;
3031024;"Jastrowie - miasto (4)";8622;4195;4427;507;251;256;643;327;316;706;354;352;933;498;435;676;337;339;
3031025;"Jastrowie - obszar wiejski (5)";2979;1507;1472;193;100;93;267;135;132;287;151;136;236;116;120;234;123;111;
3031033;"Krajenka (3)";7184;3556;3628;450;248;202;611;309;302;701;342;359;733;358;375;506;283;223;
3031034;"Krajenka - miasto (4)";3703;1783;1920;197;105;92;283;144;139;338;157;181;415;195;220;276;152;124;
3031035;"Krajenka - obszar wiejski (5)";3481;1773;1708;253;143;110;328;165;163;363;185;178;318;163;155;230;131;99;
3031042;"Lipka (2)";5660;2872;2788;363;184;179;433;209;224;515;261;254;537;276;261;454;255;199;
3031053;"Okonek (3)";8978;4503;4475;555;276;279;593;308;285;838;412;426;782;407;375;694;364;330;
3031054;"Okonek - miasto (4)";3856;1893;1963;215;103;112;208;107;101;354;176;178;355;176;179;307;172;135;
3031055;"Okonek - obszar wiejski (5)";5122;2610;2512;340;173;167;385;201;184;484;236;248;427;231;196;387;192;195;
3031062;"Tarnówka (2)";3074;1554;1520;178;89;89;254;127;127;282;152;130;316;163;153;269;152;117;
3031072;"Zakrzewo (2)";4682;2370;2312;342;187;155;414;200;214;475;242;233;425;239;186;335;162;173;
3031082;"Złotów (2)";8886;4614;4272;629;339;290;690;369;321;919;460;459;889;481;408;768;416;352;
3061000;"Powiat m.Kalisz";110104;51681;58423;5341;2707;2634;6135;3127;3008;6987;3572;3415;8682;4379;4303;8735;4344;4391;
3061011;"Kalisz (1)";110104;51681;58423;5341;2707;2634;6135;3127;3008;6987;3572;3415;8682;4379;4303;8735;4344;4391;
3062000;"Powiat m.Konin";82640;39699;42941;4001;2050;1951;5201;2675;2526;5960;3044;2916;7254;3669;3585;6855;3351;3504;
3062011;"Konin (1)";82640;39699;42941;4001;2050;1951;5201;2675;2526;5960;3044;2916;7254;3669;3585;6855;3351;3504;
3063000;"Powiat m.Leszno";63084;30159;32925;3200;1654;1546;3780;1953;1827;4591;2354;2237;5669;2909;2760;5572;2766;2806;
3063011;"Leszno (1)";63084;30159;32925;3200;1654;1546;3780;1953;1827;4591;2354;2237;5669;2909;2760;5572;2766;2806;
3064000;"Powiat m.Poznań";582254;271728;310526;23205;11958;11247;26604;13717;12887;34099;17271;16828;49814;24832;24982;63418;31332;32086;
3064011;"Poznań (1)";582254;271728;310526;23205;11958;11247;26604;13717;12887;34099;17271;16828;49814;24832;24982;63418;31332;32086;
3200000;"ZACHODNIOPOMORSKIE";1697935;827961;869974;87830;45001;42829;108366;55295;53071;126957;65143;61814;150756;77028;73728;142657;72565;70092;
3201000;"Powiat białogardzki";48387;23752;24635;2788;1436;1352;3496;1761;1735;3965;2033;1932;4492;2348;2144;3814;1985;1829;
3201011;"Białogard (1)";24586;11833;12753;1312;692;620;1602;806;796;1869;957;912;2287;1233;1054;1960;987;973;
3201022;"Białogard (2)";7800;3919;3881;486;240;246;659;336;323;713;365;348;717;372;345;577;313;264;
3201033;"Karlino (3)";9086;4528;4558;576;289;287;685;336;349;768;396;372;890;457;433;742;399;343;
3201034;"Karlino - miasto (4)";5793;2841;2952;341;168;173;409;194;215;476;253;223;555;288;267;472;242;230;
3201035;"Karlino - obszar wiejski (5)";3293;1687;1606;235;121;114;276;142;134;292;143;149;335;169;166;270;157;113;
3201042;"Tychowo (2)";6915;3472;3443;414;215;199;550;283;267;615;315;300;598;286;312;535;286;249;
3202000;"Powiat choszczeński";50453;25113;25340;2797;1424;1373;3739;1930;1809;4406;2321;2085;4679;2339;2340;3687;1917;1770;
3202012;"Bierzwnik (2)";4866;2490;2376;282;143;139;365;199;166;406;220;186;402;206;196;345;189;156;
3202023;"Choszczno (3)";22414;11035;11379;1211;621;590;1560;802;758;1863;985;878;2068;1051;1017;1630;829;801;
3202024;"Choszczno - miasto (4)";15845;7701;8144;782;402;380;1040;525;515;1202;647;555;1429;722;707;1168;601;567;
3202025;"Choszczno - obszar wiejski (5)";6569;3334;3235;429;219;210;520;277;243;661;338;323;639;329;310;462;228;234;
3202033;"Drawno (3)";5477;2726;2751;281;145;136;413;222;191;533;283;250;517;271;246;356;190;166;
3202034;"Drawno - miasto (4)";2505;1257;1248;130;68;62;187;101;86;218;121;97;218;113;105;168;90;78;
3202035;"Drawno - obszar wiejski (5)";2972;1469;1503;151;77;74;226;121;105;315;162;153;299;158;141;188;100;88;
3202042;"Krzęcin (2)";3917;1964;1953;212;104;108;305;146;159;384;190;194;342;167;175;266;148;118;
3202053;"Pełczyce (3)";8066;4054;4012;474;253;221;621;316;305;731;379;352;822;399;423;647;337;310;
3202054;"Pełczyce - miasto (4)";2722;1351;1371;141;72;69;208;109;99;266;142;124;296;138;158;182;100;82;
3202055;"Pełczyce - obszar wiejski (5)";5344;2703;2641;333;181;152;413;207;206;465;237;228;526;261;265;465;237;228;
3202063;"Recz (3)";5713;2844;2869;337;158;179;475;245;230;489;264;225;528;245;283;443;224;219;
3202064;"Recz - miasto (4)";2962;1462;1500;149;71;78;223;121;102;262;139;123;302;142;160;206;104;102;
3202065;"Recz - obszar wiejski (5)";2751;1382;1369;188;87;101;252;124;128;227;125;102;226;103;123;237;120;117;
3203000;"Powiat drawski";58898;28811;30087;3452;1721;1731;4183;2071;2112;5058;2562;2496;5450;2783;2667;4520;2303;2217;
3203013;"Czaplinek (3)";11842;5911;5931;738;372;366;821;408;413;994;539;455;1080;573;507;919;484;435;
3203014;"Czaplinek - miasto (4)";7001;3401;3600;411;208;203;459;245;214;523;265;258;631;333;298;537;276;261;
3203015;"Czaplinek - obszar wiejski (5)";4841;2510;2331;327;164;163;362;163;199;471;274;197;449;240;209;382;208;174;
3203023;"Drawsko Pomorskie (3)";16573;8098;8475;914;467;447;1173;608;565;1350;673;677;1548;798;750;1300;670;630;
3203024;"Drawsko Pomorskie - miasto (4)";11255;5414;5841;549;294;255;720;376;344;903;457;446;1040;534;506;842;417;425;
3203025;"Drawsko Pomorskie - obszar wiejski (5)";5318;2684;2634;365;173;192;453;232;221;447;216;231;508;264;244;458;253;205;
3203033;"Kalisz Pomorski (3)";7345;3583;3762;477;232;245;544;263;281;664;326;338;679;336;343;532;268;264;
3203034;"Kalisz Pomorski - miasto (4)";4072;1947;2125;236;119;117;257;116;141;329;157;172;390;186;204;307;156;151;
3203035;"Kalisz Pomorski - obszar wiejski (5)";3273;1636;1637;241;113;128;287;147;140;335;169;166;289;150;139;225;112;113;
3203042;"Ostrowice (2)";2588;1306;1282;169;88;81;198;99;99;245;127;118;243;118;125;206;106;100;
3203052;"Wierzchowo (2)";4598;2289;2309;262;119;143;348;179;169;403;194;209;405;222;183;358;183;175;
3203063;"Złocieniec (3)";15952;7624;8328;892;443;449;1099;514;585;1402;703;699;1495;736;759;1205;592;613;
3203064;"Złocieniec - miasto (4)";13741;6494;7247;771;389;382;939;433;506;1197;586;611;1310;654;656;1078;518;560;
3203065;"Złocieniec - obszar wiejski (5)";2211;1130;1081;121;54;67;160;81;79;205;117;88;185;82;103;127;74;53;
3204000;"Powiat goleniowski";81410;40122;41288;4846;2451;2395;5774;2944;2830;6442;3326;3116;7165;3610;3555;6796;3481;3315;
3204013;"Dobra (3)";4574;2287;2287;280;142;138;359;191;168;375;191;184;395;208;187;350;193;157;
3204014;"Dobra - miasto (4)";2122;1034;1088;104;47;57;150;84;66;161;83;78;184;92;92;144;82;62;
3204015;"Dobra - obszar wiejski (5)";2452;1253;1199;176;95;81;209;107;102;214;108;106;211;116;95;206;111;95;
3204023;"Goleniów (3)";31757;15517;16240;1769;893;876;2126;1084;1042;2426;1257;1169;2834;1414;1420;2738;1395;1343;
3204024;"Goleniów - miasto (4)";22271;10765;11506;1159;606;553;1307;675;632;1580;791;789;1955;975;980;1934;985;949;
3204025;"Goleniów - obszar wiejski (5)";9486;4752;4734;610;287;323;819;409;410;846;466;380;879;439;440;804;410;394;
3204033;"Maszewo (3)";8096;4006;4090;563;275;288;652;321;331;659;343;316;736;353;383;621;322;299;
3204034;"Maszewo - miasto (4)";3006;1431;1575;208;99;109;244;117;127;206;101;105;263;134;129;227;106;121;
3204035;"Maszewo - obszar wiejski (5)";5090;2575;2515;355;176;179;408;204;204;453;242;211;473;219;254;394;216;178;
3204043;"Nowogard (3)";24386;12036;12350;1411;714;697;1694;887;807;1935;1002;933;2161;1118;1043;2062;1060;1002;
3204044;"Nowogard - miasto (4)";16796;8150;8646;838;422;416;1093;550;543;1295;681;614;1471;756;715;1410;734;676;
3204045;"Nowogard - obszar wiejski (5)";7590;3886;3704;573;292;281;601;337;264;640;321;319;690;362;328;652;326;326;
3204052;"Osina (2)";2850;1379;1471;202;101;101;249;117;132;235;109;126;230;107;123;226;111;115;
3204062;"Przybiernów (2)";5113;2562;2551;321;155;166;369;184;185;431;223;208;421;219;202;420;211;209;
3204072;"Stepnica (2)";4634;2335;2299;300;171;129;325;160;165;381;201;180;388;191;197;379;189;190;
3205000;"Powiat gryficki";73357;36230;37127;4380;2238;2142;5190;2615;2575;6203;3209;2994;6568;3373;3195;5720;2967;2753;
3205012;"Brojce (2)";3703;1936;1767;247;143;104;270;138;132;323;178;145;366;205;161;317;169;148;
3205023;"Gryfice (3)";23961;11635;12326;1286;647;639;1679;849;830;2031;1048;983;2190;1119;1071;1824;912;912;
3205024;"Gryfice - miasto (4)";17195;8266;8929;809;413;396;1128;576;552;1390;713;677;1510;780;730;1296;637;659;
3205025;"Gryfice - obszar wiejski (5)";6766;3369;3397;477;234;243;551;273;278;641;335;306;680;339;341;528;275;253;
3205032;"Karnice (2)";4123;2057;2066;251;133;118;327;163;164;332;160;172;395;220;175;334;185;149;
3205043;"Płoty (3)";9262;4484;4778;650;296;354;669;345;324;831;406;425;892;445;447;705;336;369;
3205044;"Płoty - miasto (4)";4191;2010;2181;245;116;129;258;131;127;360;182;178;385;204;181;321;149;172;
3205045;"Płoty - obszar wiejski (5)";5071;2474;2597;405;180;225;411;214;197;471;224;247;507;241;266;384;187;197;
3205052;"Radowo Małe (2)";3788;1870;1918;221;122;99;321;163;158;338;174;164;334;163;171;287;168;119;
3205063;"Resko (3)";8353;4118;4235;507;253;254;563;285;278;694;344;350;717;335;382;616;346;270;
3205064;"Resko - miasto (4)";4552;2238;2314;211;96;115;243;130;113;377;183;194;409;197;212;340;201;139;
3205065;"Resko - obszar wiejski (5)";3801;1880;1921;296;157;139;320;155;165;317;161;156;308;138;170;276;145;131;
3205072;"Rewal (2)";3175;1543;1632;198;103;95;194;85;109;235;121;114;240;143;97;215;99;116;
3205083;"Trzebiatów (3)";16992;8587;8405;1020;541;479;1167;587;580;1419;778;641;1434;743;691;1422;752;670;
3205084;"Trzebiatów - miasto (4)";10131;5042;5089;561;291;270;633;305;328;783;414;369;853;421;432;824;434;390;
3205085;"Trzebiatów - obszar wiejski (5)";6861;3545;3316;459;250;209;534;282;252;636;364;272;581;322;259;598;318;280;
3206000;"Powiat gryfiński";82985;41209;41776;4840;2505;2335;5947;3030;2917;6727;3468;3259;7721;4052;3669;7026;3636;3390;
3206012;"Banie (2)";6447;3269;3178;425;227;198;474;247;227;551;294;257;549;304;245;558;289;269;
3206023;"Cedynia (3)";4383;2205;2178;249;142;107;323;172;151;361;192;169;369;174;195;361;176;185;
3206024;"Cedynia - miasto (4)";1687;843;844;88;50;38;124;74;50;167;94;73;149;78;71;134;60;74;
3206025;"Cedynia - obszar wiejski (5)";2696;1362;1334;161;92;69;199;98;101;194;98;96;220;96;124;227;116;111;
3206033;"Chojna (3)";14051;6954;7097;843;433;410;1083;524;559;1203;600;603;1302;696;606;1032;544;488;
3206034;"Chojna - miasto (4)";7005;3459;3546;401;206;195;527;272;255;585;300;285;664;368;296;508;280;228;
3206035;"Chojna - obszar wiejski (5)";7046;3495;3551;442;227;215;556;252;304;618;300;318;638;328;310;524;264;260;
3206043;"Gryfino (3)";31061;15249;15812;1730;874;856;2017;1042;975;2307;1183;1124;2957;1551;1406;3010;1551;1459;
3206044;"Gryfino - miasto (4)";21847;10648;11199;1144;593;551;1293;676;617;1500;767;733;2130;1095;1035;2232;1149;1083;
3206045;"Gryfino - obszar wiejski (5)";9214;4601;4613;586;281;305;724;366;358;807;416;391;827;456;371;778;402;376;
3206053;"Mieszkowice (3)";7527;3773;3754;469;248;221;636;321;315;680;357;323;705;362;343;535;290;245;
3206054;"Mieszkowice - miasto (4)";3596;1784;1812;207;112;95;306;149;157;336;178;158;330;180;150;233;125;108;
3206055;"Mieszkowice - obszar wiejski (5)";3931;1989;1942;262;136;126;330;172;158;344;179;165;375;182;193;302;165;137;
3206063;"Moryń (3)";4352;2111;2241;243;118;125;297;149;148;383;194;189;399;196;203;344;172;172;
3206064;"Moryń - miasto (4)";1601;709;892;70;29;41;99;50;49;149;69;80;154;77;77;121;51;70;
3206065;"Moryń - obszar wiejski (5)";2751;1402;1349;173;89;84;198;99;99;234;125;109;245;119;126;223;121;102;
3206072;"Stare Czarnowo (2)";3864;2023;1841;223;119;104;274;147;127;271;162;109;363;202;161;340;188;152;
3206083;"Trzcińsko-Zdrój (3)";5718;2812;2906;314;164;150;406;217;189;507;246;261;549;288;261;406;215;191;
3206084;"Trzcińsko-Zdrój - miasto (4)";2526;1182;1344;113;59;54;162;86;76;215;100;115;215;109;106;175;94;81;
3206085;"Trzcińsko-Zdrój - obszar wiejski (5)";3192;1630;1562;201;105;96;244;131;113;292;146;146;334;179;155;231;121;110;
3206092;"Widuchowa (2)";5582;2813;2769;344;180;164;437;211;226;464;240;224;528;279;249;440;211;229;
3207000;"Powiat kamieński";48077;23630;24447;2487;1269;1218;3186;1648;1538;3933;2040;1893;4221;2108;2113;3637;1890;1747;
3207012;"Dziwnów (2)";4220;2116;2104;215;99;116;256;143;113;356;197;159;308;176;132;274;138;136;
3207023;"Golczewo (3)";6037;3006;3031;358;205;153;470;242;228;554;301;253;498;245;253;444;230;214;
3207024;"Golczewo - miasto (4)";2722;1352;1370;153;86;67;204;102;102;239;138;101;213;109;104;210;116;94;
3207025;"Golczewo - obszar wiejski (5)";3315;1654;1661;205;119;86;266;140;126;315;163;152;285;136;149;234;114;120;
3207033;"Kamień Pomorski (3)";14485;7018;7467;690;363;327;917;457;460;1121;573;548;1304;632;672;1131;584;547;
3207034;"Kamień Pomorski - miasto (4)";9177;4352;4825;383;207;176;525;256;269;710;366;344;821;394;427;711;358;353;
3207035;"Kamień Pomorski - obszar wiejski (5)";5308;2666;2642;307;156;151;392;201;191;411;207;204;483;238;245;420;226;194;
3207043;"Międzyzdroje (3)";6644;3226;3418;291;145;146;364;199;165;479;261;218;510;251;259;472;256;216;
3207044;"Międzyzdroje - miasto (4)";5641;2714;2927;230;119;111;291;156;135;377;201;176;429;206;223;404;220;184;
3207045;"Międzyzdroje - obszar wiejski (5)";1003;512;491;61;26;35;73;43;30;102;60;42;81;45;36;68;36;32;
3207052;"Świerzno (2)";4253;2101;2152;274;134;140;316;162;154;400;173;227;402;197;205;376;187;189;
3207063;"Wolin (3)";12438;6163;6275;659;323;336;863;445;418;1023;535;488;1199;607;592;940;495;445;
3207064;"Wolin - miasto (4)";4975;2443;2532;230;121;109;296;150;146;406;217;189;528;264;264;391;211;180;
3207065;"Wolin - obszar wiejski (5)";7463;3720;3743;429;202;227;567;295;272;617;318;299;671;343;328;549;284;265;
3208000;"Powiat kołobrzeski";74863;36135;38728;4111;2062;2049;4902;2546;2356;5597;2845;2752;6753;3439;3314;5771;2887;2884;
3208011;"Kołobrzeg (1)";45107;21387;23720;2114;1077;1037;2571;1342;1229;3103;1619;1484;3947;1974;1973;3389;1672;1717;
3208022;"Dygowo (2)";5448;2655;2793;374;194;180;420;206;214;458;216;242;497;243;254;433;210;223;
3208032;"Gościno (2)";5080;2514;2566;356;161;195;404;213;191;431;211;220;481;251;230;413;220;193;
3208042;"Kołobrzeg (2)";8093;4027;4066;563;269;294;597;319;278;613;293;320;730;378;352;704;358;346;
3208052;"Rymań (2)";4135;2103;2032;264;134;130;347;180;167;389;209;180;413;241;172;314;156;158;
3208062;"Siemyśl (2)";3508;1780;1728;223;124;99;286;154;132;314;152;162;376;195;181;260;141;119;
3208072;"Ustronie Morskie (2)";3492;1669;1823;217;103;114;277;132;145;289;145;144;309;157;152;258;130;128;
3209000;"Powiat koszaliński";62333;30973;31360;3929;1979;1950;4724;2406;2318;5456;2837;2619;6045;3073;2972;4890;2516;2374;
3209012;"Będzino (2)";9047;4514;4533;589;300;289;652;315;337;744;382;362;913;453;460;725;380;345;
3209022;"Biesiekierz (2)";4666;2298;2368;308;157;151;335;185;150;422;216;206;429;208;221;411;210;201;
3209033;"Bobolice (3)";9927;4986;4941;633;332;301;787;416;371;905;473;432;942;471;471;784;391;393;
3209034;"Bobolice - miasto (4)";4463;2147;2316;230;124;106;326;175;151;377;197;180;442;207;235;364;164;200;
3209035;"Bobolice - obszar wiejski (5)";5464;2839;2625;403;208;195;461;241;220;528;276;252;500;264;236;420;227;193;
3209042;"Manowo (2)";6397;3198;3199;407;201;206;494;243;251;560;311;249;694;361;333;509;258;251;
3209052;"Mielno (2)";4919;2378;2541;249;123;126;324;157;167;358;198;160;426;223;203;376;188;188;
3209063;"Polanów (3)";9280;4669;4611;593;310;283;712;362;350;873;458;415;878;440;438;671;366;305;
3209064;"Polanów - miasto (4)";2971;1482;1489;184;103;81;241;112;129;290;159;131;296;163;133;212;109;103;
3209065;"Polanów - obszar wiejski (5)";6309;3187;3122;409;207;202;471;250;221;583;299;284;582;277;305;459;257;202;
3209073;"Sianów (3)";13002;6428;6574;865;417;448;1025;532;493;1129;561;568;1212;638;574;1013;513;500;
3209074;"Sianów - miasto (4)";6551;3188;3363;391;187;204;485;264;221;590;291;299;655;348;307;497;243;254;
3209075;"Sianów - obszar wiejski (5)";6451;3240;3211;474;230;244;540;268;272;539;270;269;557;290;267;516;270;246;
3209082;"Świeszyno (2)";5095;2502;2593;285;139;146;395;196;199;465;238;227;551;279;272;401;210;191;
3210000;"Powiat myśliborski";68211;33590;34621;3728;1911;1817;4609;2407;2202;5540;2807;2733;6616;3477;3139;5495;2803;2692;
3210013;"Barlinek (3)";19640;9740;9900;1052;550;502;1357;704;653;1589;820;769;1929;1029;900;1633;831;802;
3210014;"Barlinek - miasto (4)";14585;7138;7447;743;405;338;960;496;464;1111;547;564;1472;770;702;1244;639;605;
3210015;"Barlinek - obszar wiejski (5)";5055;2602;2453;309;145;164;397;208;189;478;273;205;457;259;198;389;192;197;
3210022;"Boleszkowice (2)";3181;1586;1595;203;100;103;238;134;104;280;144;136;267;144;123;232;114;118;
3210033;"Dębno (3)";20861;10220;10641;1163;610;553;1434;730;704;1764;860;904;2039;1042;997;1680;871;809;
3210034;"Dębno - miasto (4)";14038;6782;7256;720;347;373;862;443;419;1117;551;566;1345;687;658;1186;616;570;
3210035;"Dębno - obszar wiejski (5)";6823;3438;3385;443;263;180;572;287;285;647;309;338;694;355;339;494;255;239;
3210043;"Myślibórz (3)";21210;10388;10822;1090;542;548;1308;686;622;1636;854;782;2052;1087;965;1686;855;831;
3210044;"Myślibórz - miasto (4)";12215;5839;6376;558;285;273;681;349;332;851;444;407;1074;582;492;971;493;478;
3210045;"Myślibórz - obszar wiejski (5)";8995;4549;4446;532;257;275;627;337;290;785;410;375;978;505;473;715;362;353;
3210052;"Nowogródek Pomorski (2)";3319;1656;1663;220;109;111;272;153;119;271;129;142;329;175;154;264;132;132;
3211000;"Powiat policki";58589;28968;29621;3432;1792;1640;3858;1971;1887;4756;2476;2280;5969;3051;2918;5147;2535;2612;
3211012;"Dobra (Szczecińska) (2)";8620;4263;4357;613;326;287;620;309;311;667;343;324;673;350;323;704;350;354;
3211022;"Kołbaskowo (2)";7155;3537;3618;580;304;276;593;311;282;551;279;272;594;309;285;519;245;274;
3211033;"Nowe Warpno (3)";1616;789;827;110;53;57;119;64;55;104;53;51;162;86;76;143;63;80;
3211034;"Nowe Warpno - miasto (4)";1250;601;649;85;36;49;97;48;49;83;41;42;139;73;66;102;45;57;
3211035;"Nowe Warpno - obszar wiejski (5)";366;188;178;25;17;8;22;16;6;21;12;9;23;13;10;41;18;23;
3211043;"Police (3)";41198;20379;20819;2129;1109;1020;2526;1287;1239;3434;1801;1633;4540;2306;2234;3781;1877;1904;
3211044;"Police - miasto (4)";34518;16979;17539;1732;907;825;2074;1060;1014;2955;1532;1423;3927;1974;1953;3242;1612;1630;
3211045;"Police - obszar wiejski (5)";6680;3400;3280;397;202;195;452;227;225;479;269;210;613;332;281;539;265;274;
3212000;"Powiat pyrzycki";40208;19948;20260;2310;1186;1124;2878;1476;1402;3270;1648;1622;3484;1838;1646;3151;1707;1444;
3212012;"Bielice (2)";2914;1464;1450;205;107;98;237;122;115;243;116;127;234;123;111;234;126;108;
3212022;"Kozielice (2)";2600;1311;1289;165;89;76;216;120;96;208;102;106;220;99;121;222;134;88;
3212033;"Lipiany (3)";6103;2990;3113;321;168;153;399;195;204;462;242;220;524;280;244;481;259;222;
3212034;"Lipiany - miasto (4)";4254;2051;2203;215;112;103;242;116;126;319;173;146;337;181;156;329;172;157;
3212035;"Lipiany - obszar wiejski (5)";1849;939;910;106;56;50;157;79;78;143;69;74;187;99;88;152;87;65;
3212042;"Przelewice (2)";5364;2710;2654;336;171;165;422;208;214;473;242;231;504;264;240;379;218;161;
3212053;"Pyrzyce (3)";19625;9645;9980;1061;536;525;1292;665;627;1547;778;769;1648;875;773;1591;832;759;
3212054;"Pyrzyce - miasto (4)";12832;6248;6584;605;310;295;784;404;380;984;497;487;1022;545;477;1046;532;514;
3212055;"Pyrzyce - obszar wiejski (5)";6793;3397;3396;456;226;230;508;261;247;563;281;282;626;330;296;545;300;245;
3212062;"Warnice (2)";3602;1828;1774;222;115;107;312;166;146;337;168;169;354;197;157;244;138;106;
3213000;"Powiat sławieński";57804;28489;29315;3389;1721;1668;4357;2216;2141;4755;2427;2328;5373;2826;2547;4453;2264;2189;
3213011;"Darłowo (1)";14761;7248;7513;675;330;345;917;462;455;1094;556;538;1413;814;599;1093;573;520;
3213021;"Sławno (1)";13439;6380;7059;691;356;335;873;449;424;1075;539;536;1183;597;586;1108;533;575;
3213032;"Darłowo (2)";7470;3739;3731;509;257;252;630;315;315;631;320;311;645;331;314;525;264;261;
3213042;"Malechowo (2)";6522;3294;3228;438;225;213;519;279;240;570;318;252;606;300;306;546;279;267;
3213052;"Postomino (2)";6947;3475;3472;482;256;226;601;293;308;591;304;287;646;331;315;543;282;261;
3213062;"Sławno (2)";8665;4353;4312;594;297;297;817;418;399;794;390;404;880;453;427;638;333;305;
3214000;"Powiat stargardzki";141527;69438;72089;7795;3992;3803;9665;4859;4806;11350;5854;5496;12931;6592;6339;11672;6036;5636;
3214011;"Stargard (1)";71374;34496;36878;3559;1855;1704;4264;2118;2146;5169;2682;2487;6497;3285;3212;6382;3267;3115;
3214023;"Chociwel (3)";6167;3062;3105;381;184;197;462;241;221;537;266;271;609;317;292;478;260;218;
3214024;"Chociwel - miasto (4)";3311;1613;1698;164;74;90;231;118;113;295;134;161;348;178;170;271;148;123;
3214025;"Chociwel - obszar wiejski (5)";2856;1449;1407;217;110;107;231;123;108;242;132;110;261;139;122;207;112;95;
3214033;"Dobrzany (3)";5134;2598;2536;302;145;157;432;233;199;436;238;198;466;240;226;387;214;173;
3214034;"Dobrzany - miasto (4)";2502;1274;1228;124;71;53;189;98;91;234;132;102;250;135;115;171;99;72;
3214035;"Dobrzany - obszar wiejski (5)";2632;1324;1308;178;74;104;243;135;108;202;106;96;216;105;111;216;115;101;
3214042;"Dolice (2)";8150;4088;4062;564;294;270;703;353;350;759;370;389;816;431;385;591;313;278;
3214053;"Ińsko (3)";3537;1769;1768;191;87;104;276;134;142;305;147;158;251;137;114;247;121;126;
3214054;"Ińsko - miasto (4)";2050;1010;1040;108;47;61;138;66;72;175;80;95;150;84;66;160;76;84;
3214055;"Ińsko - obszar wiejski (5)";1487;759;728;83;40;43;138;68;70;130;67;63;101;53;48;87;45;42;
3214062;"Kobylanka (2)";3117;1545;1572;183;101;82;231;111;120;253;130;123;228;111;117;242;128;114;
3214073;"Łobez (3)";14629;7034;7595;762;372;390;923;433;490;1250;659;591;1382;675;707;1111;536;575;
3214074;"Łobez - miasto (4)";10793;5109;5684;532;254;278;618;298;320;870;436;434;1014;495;519;871;422;449;
3214075;"Łobez - obszar wiejski (5)";3836;1925;1911;230;118;112;305;135;170;380;223;157;368;180;188;240;114;126;
3214082;"Marianowo (2)";3150;1543;1607;208;108;100;268;136;132;293;142;151;269;127;142;219;108;111;
3214092;"Stara Dąbrowa (2)";3558;1818;1740;225;113;112;317;162;155;323;166;157;345;181;164;287;158;129;
3214102;"Stargard (2)";11027;5588;5439;682;354;328;966;490;476;966;492;474;1063;551;512;848;466;382;
3214113;"Suchań (3)";4348;2201;2147;258;127;131;317;171;146;429;234;195;396;209;187;328;172;156;
3214114;"Suchań - miasto (4)";1500;747;753;73;31;42;101;62;39;152;72;80;142;74;68;114;55;59;
3214115;"Suchań - obszar wiejski (5)";2848;1454;1394;185;96;89;216;109;107;277;162;115;254;135;119;214;117;97;
3214123;"Węgorzyno (3)";7336;3696;3640;480;252;228;506;277;229;630;328;302;609;328;281;552;293;259;
3214124;"Węgorzyno - miasto (4)";3005;1499;1506;199;109;90;194;102;92;252;134;118;279;143;136;233;124;109;
3214125;"Węgorzyno - obszar wiejski (5)";4331;2197;2134;281;143;138;312;175;137;378;194;184;330;185;145;319;169;150;
3215000;"Powiat szczecinecki";77957;37851;40106;4341;2258;2083;5837;2973;2864;6663;3360;3303;7244;3627;3617;5583;2845;2738;
3215011;"Szczecinek (1)";39651;18802;20849;1841;938;903;2612;1325;1287;3113;1559;1554;3648;1868;1780;2844;1449;1395;
3215023;"Barwice (3)";9092;4444;4648;565;297;268;754;376;378;844;407;437;835;411;424;664;334;330;
3215024;"Barwice - miasto (4)";3911;1858;2053;201;108;93;310;143;167;339;163;176;340;152;188;304;148;156;
3215025;"Barwice - obszar wiejski (5)";5181;2586;2595;364;189;175;444;233;211;505;244;261;495;259;236;360;186;174;
3215033;"Biały Bór (3)";5303;2651;2652;313;159;154;402;219;183;489;251;238;592;288;304;349;182;167;
3215034;"Biały Bór - miasto (4)";2141;1034;1107;103;47;56;132;67;65;178;92;86;311;132;179;127;63;64;
3215035;"Biały Bór - obszar wiejski (5)";3162;1617;1545;210;112;98;270;152;118;311;159;152;281;156;125;222;119;103;
3215043;"Borne Sulinowo (3)";8588;4252;4336;584;309;275;779;390;389;755;400;355;695;345;350;579;285;294;
3215044;"Borne Sulinowo - miasto (4)";3568;1705;1863;296;156;140;363;176;187;264;141;123;189;96;93;177;71;106;
3215045;"Borne Sulinowo - obszar wiejski (5)";5020;2547;2473;288;153;135;416;214;202;491;259;232;506;249;257;402;214;188;
3215052;"Grzmiąca (2)";5169;2577;2592;347;176;171;402;210;192;469;238;231;484;239;245;383;194;189;
3215062;"Szczecinek (2)";10154;5125;5029;691;379;312;888;453;435;993;505;488;990;476;514;764;401;363;
3216000;"Powiat świdwiński";49689;24459;25230;2696;1384;1312;3639;1884;1755;4380;2193;2187;4588;2365;2223;3661;1862;1799;
3216011;"Świdwin (1)";16055;7692;8363;811;385;426;1139;587;552;1433;698;735;1488;765;723;1143;538;605;
3216022;"Brzeżno (2)";2850;1426;1424;174;82;92;230;125;105;285;142;143;246;130;116;228;117;111;
3216033;"Połczyn-Zdrój (3)";16342;7930;8412;824;435;389;1144;584;560;1315;665;650;1410;701;709;1215;651;564;
3216034;"Połczyn-Zdrój - miasto (4)";8851;4155;4696;384;202;182;538;271;267;672;339;333;741;364;377;618;327;291;
3216035;"Połczyn-Zdrój - obszar wiejski (5)";7491;3775;3716;440;233;207;606;313;293;643;326;317;669;337;332;597;324;273;
3216042;"Rąbino (2)";4024;2079;1945;245;140;105;307;158;149;355;183;172;353;169;184;300;163;137;
3216052;"Sławoborze (2)";4215;2170;2045;270;141;129;332;168;164;385;203;182;437;253;184;313;175;138;
3216062;"Świdwin (2)";6203;3162;3041;372;201;171;487;262;225;607;302;305;654;347;307;462;218;244;
3217000;"Powiat wałecki";55424;27069;28355;3246;1690;1556;4060;2060;2000;4455;2202;2253;5011;2520;2491;4371;2207;2164;
3217011;"Wałcz (1)";26678;12782;13896;1370;707;663;1710;895;815;2044;1034;1010;2510;1257;1253;2114;1013;1101;
3217023;"Człopa (3)";5098;2497;2601;329;176;153;406;199;207;425;176;249;413;215;198;376;203;173;
3217024;"Człopa - miasto (4)";2350;1113;1237;145;76;69;162;83;79;191;72;119;186;87;99;186;96;90;
3217025;"Człopa - obszar wiejski (5)";2748;1384;1364;184;100;84;244;116;128;234;104;130;227;128;99;190;107;83;
3217033;"Mirosławiec (3)";6335;3188;3147;457;231;226;536;276;260;516;254;262;506;261;245;485;262;223;
3217034;"Mirosławiec - miasto (4)";3003;1505;1498;186;97;89;198;107;91;237;123;114;272;147;125;232;124;108;
3217035;"Mirosławiec - obszar wiejski (5)";3332;1683;1649;271;134;137;338;169;169;279;131;148;234;114;120;253;138;115;
3217043;"Tuczno (3)";5028;2494;2534;281;149;132;374;176;198;400;205;195;415;218;197;377;204;173;
3217044;"Tuczno - miasto (4)";1966;935;1031;106;50;56;137;67;70;141;78;63;161;76;85;147;64;83;
3217045;"Tuczno - obszar wiejski (5)";3062;1559;1503;175;99;76;237;109;128;259;127;132;254;142;112;230;140;90;
3217052;"Wałcz (2)";12285;6108;6177;809;427;382;1034;514;520;1070;533;537;1167;569;598;1019;525;494;
3261000;"Powiat m.Koszalin";108899;51981;56918;4465;2302;2163;5519;2748;2771;6992;3578;3414;9436;4816;4620;10186;5265;4921;
3261011;"Koszalin (1)";108899;51981;56918;4465;2302;2163;5519;2748;2771;6992;3578;3414;9436;4816;4620;10186;5265;4921;
3262000;"Powiat m.Szczecin";416657;199427;217230;17059;8789;8270;20477;10543;9934;24199;12548;11651;33786;17058;16728;39985;19878;20107;
3262011;"Szczecin (1)";416657;199427;217230;17059;8789;8270;20477;10543;9934;24199;12548;11651;33786;17058;16728;39985;19878;20107;
3263000;"Powiat m.Świnoujście";42207;20766;21441;1739;891;848;2326;1207;1119;2810;1409;1401;3224;1733;1491;3092;1581;1511;
3263011;"Świnoujście (1)";42207;20766;21441;1739;891;848;2326;1207;1119;2810;1409;1401;3224;1733;1491;3092;1581;1511;
